Date,Open,High,Low,Close,Adj Close,Volume,ATR,ATR_2
2018-12-31,13.100000381469727,13.119999885559082,12.829999923706055,13.039999961853027,11.104803085327148,131600,0.0,0.0
2019-01-02,12.890000343322754,13.140000343322754,12.819999694824219,13.130000114440918,11.181446075439453,103900,0.0,0.0
2019-01-03,13.09000015258789,13.239999771118164,13.010000228881836,13.050000190734863,11.113319396972656,132100,0.0,0.0
2019-01-04,13.149999618530273,13.390000343322754,13.09000015258789,13.329999923706055,11.351764678955078,109100,0.0,0.0
2019-01-07,13.380000114440918,13.979999542236328,13.300000190734863,13.920000076293945,11.854207038879395,388600,0.0,0.0
2019-01-08,13.9399995803833,14.09000015258789,13.829999923706055,13.960000038146973,11.888270378112793,241100,0.0,0.0
2019-01-09,14.079999923706055,14.079999923706055,13.859999656677246,14.050000190734863,11.964913368225098,142200,0.0,0.0
2019-01-10,14.0,14.0,13.869999885559082,13.9399995803833,11.871238708496094,117000,0.0,0.0
2019-01-11,14.119999885559082,14.59000015258789,14.119999885559082,14.350000381469727,12.220392227172852,482400,0.0,0.0
2019-01-14,14.34000015258789,14.489999771118164,14.1899995803833,14.229999542236328,12.118200302124023,304700,0.0,0.0
2019-01-15,14.34000015258789,14.34000015258789,14.140000343322754,14.199999809265137,12.092653274536133,263000,0.0,0.0
2019-01-16,14.25,14.329999923706055,14.029999732971191,14.109999656677246,12.016008377075195,316700,0.0,0.0
2019-01-17,14.130000114440918,14.130000114440918,13.9399995803833,14.050000190734863,11.964913368225098,177100,0.0,0.0
2019-01-18,14.039999961853027,14.09000015258789,13.869999885559082,13.920000076293945,11.854207038879395,155200,0.3128572872706822,0.022346949090763013
2019-01-22,13.920000076293945,14.010000228881836,13.640000343322754,13.760000228881836,11.717951774597168,253400,0.31693890143413933,0.021042282310241165
2019-01-23,13.760000228881836,14.0,13.720000267028809,13.899999618530273,11.837173461914062,266800,0.31430038940107163,0.01972772729044306
2019-01-24,13.930000305175781,14.15999984741211,13.890000343322754,14.109999656677246,12.016008377075195,201400,0.31113604045023474,0.018544628837614045
2019-01-25,14.1899995803833,14.289999961853027,14.109999656677246,14.170000076293945,12.067105293273926,174200,0.3017692022163452,0.01788907236591944
2019-01-28,14.140000343322754,14.220000267028809,14.069999694824219,14.15999984741211,12.058589935302734,138500,0.2909285857869341,0.017385611227597415
2019-01-29,14.1899995803833,14.279999732971191,14.149999618530273,14.260000228881836,12.143749237060547,229500,0.27943369497650433,0.01696484548351401
2019-01-30,14.270000457763672,14.40999984741211,14.260000228881836,14.34000015258789,12.211875915527344,182500,0.27018840380177356,0.01641344874717235
2019-01-31,14.279999732971191,14.5,14.279999732971191,14.399999618530273,12.262971878051758,166200,0.2666035368894189,0.0154971214732568
2019-02-01,14.40999984741211,14.430000305175781,14.029999732971191,14.15999984741211,12.058589935302734,251900,0.27613189655478826,0.015070781344121983
2019-02-04,14.15999984741211,14.3100004196167,14.130000114440918,14.3100004196167,12.18632984161377,163900,0.2692653543134306,0.0144847642653531
2019-02-05,14.3100004196167,14.399999618530273,14.270000457763672,14.380000114440918,12.245940208435059,138600,0.2593177690600857,0.01416068005020966
2019-02-06,14.380000114440918,14.380000114440918,14.15999984741211,14.220000267028809,12.109684944152832,176500,0.2565093760578516,0.013349802403925689
2019-02-07,14.25,14.25,14.100000381469727,14.109999656677246,12.016008377075195,100300,0.24890153623445319,0.012939662219602313
2019-02-08,14.119999885559082,14.210000038146973,14.020000457763672,14.170000076293945,12.067105293273926,100500,0.24469425367365658,0.012315920815401905
2019-02-11,14.170000076293945,14.1899995803833,14.0600004196167,14.180000305175781,12.075620651245117,147500,0.23650174703743837,0.012021391231174499
2019-02-12,14.170000076293945,14.180000305175781,14.020000457763672,14.09000015258789,11.998977661132812,170500,0.23103732563562915,0.011553036243362694
2019-02-13,14.149999618530273,14.1899995803833,14.020000457763672,14.170000076293945,12.067105293273926,238600,0.22667745399162914,0.011039238771979643
2019-02-14,14.109999656677246,14.109999656677246,13.970000267028809,13.989999771118164,11.913818359375,126200,0.2247719079397368,0.010386832149116263
2019-02-15,14.0600004196167,14.109999656677246,13.970000267028809,14.039999961853027,11.956398963928223,136000,0.21871672806178685,0.010077428415461527
2019-02-19,14.050000190734863,14.199999809265137,14.029999732971191,14.109999656677246,12.016008377075195,146800,0.21523696722122673,0.009606166445825712
2019-02-20,14.09000015258789,14.09000015258789,13.989999771118164,14.029999732971191,11.947882652282715,132200,0.20843431853107353,0.009405915177563392
2019-02-21,14.300000190734863,14.890000343322754,14.050000190734863,14.859999656677246,12.654706954956055,721700,0.2549747679468227,0.012058381908862378
2019-02-22,14.899999618530273,15.34000015258789,14.880000114440918,15.079999923706055,12.842057228088379,426500,0.2710480342299529,0.012345159364167219
2019-02-25,15.170000076293945,15.25,14.9399995803833,15.079999923706055,12.842057228088379,308400,0.27383034747186336,0.011662098926863165
2019-02-26,15.100000381469727,15.149999618530273,15.010000228881836,15.069999694824219,12.833540916442871,317100,0.26427099334161863,0.011511902869961847
2019-02-27,15.010000228881836,15.170000076293945,14.989999771118164,15.119999885559082,12.876120567321777,336000,0.25825165847263026,0.011119576584178028
2019-02-28,15.140000343322754,15.40999984741211,15.140000343322754,15.260000228881836,12.995344161987305,374500,0.2605193944283729,0.0104873022535755
2019-03-01,15.34000015258789,15.390000343322754,15.020000457763672,15.1899995803833,12.9357328414917,256200,0.26833942950913786,0.010296783169803318
2019-03-04,15.199999809265137,15.279999732971191,15.119999885559082,15.1899995803833,12.9357328414917,162200,0.2606008879307787,0.010114051627557309
2019-03-05,15.1899995803833,15.210000038146973,15.119999885559082,15.170000076293945,12.918699264526367,66200,0.24841512112057237,0.01026203128346081
2019-03-06,15.229999542236328,15.239999771118164,15.079999923706055,15.119999885559082,12.876120567321777,121300,0.2420997444271107,0.009980127384175157
2019-03-07,15.119999885559082,15.180000305175781,14.90999984741211,14.920000076293945,12.705802917480469,107600,0.24409265252257936,0.00940961172069612
2019-03-08,14.869999885559082,15.010000228881836,14.770000457763672,14.970000267028809,12.748381614685059,115400,0.2438003038508354,0.008758378645770967
2019-03-11,15.1899995803833,15.34000015258789,15.119999885559082,15.300000190734863,13.029407501220703,316700,0.25281455968713873,0.00877665558795185
2019-03-12,15.359999656677246,15.380000114440918,15.279999732971191,15.359999656677246,13.080503463745117,157100,0.24189926124303787,0.008929415791962493
2019-03-13,15.359999656677246,15.5,15.329999923706055,15.399999618530273,13.114568710327148,156600,0.23676360517524556,0.008658432954521766
2019-03-14,15.270000457763672,15.489999771118164,15.220000267028809,15.470000267028809,13.174179077148438,136800,0.23913759795482484,0.008209544370597304
2019-03-15,15.5,15.529999732971191,15.199999809265137,15.390000343322754,13.106051445007324,467600,0.24562776407991269,0.008086731638775201
2019-03-18,15.520000457763672,15.520000457763672,15.319999694824219,15.489999771118164,13.19120979309082,253800,0.24236869256987986,0.00774189877243646
2019-03-19,15.5,15.529999732971191,15.220000267028809,15.279999732971191,13.012375831604004,232000,0.24719946209648722,0.007533960969162952
2019-03-20,15.300000190734863,15.380000114440918,15.1899995803833,15.289999961853027,13.020892143249512,178900,0.24311382437942508,0.007287652165441466
2019-03-21,15.34000015258789,15.489999771118164,15.279999732971191,15.34000015258789,13.063471794128418,274600,0.24074855393424993,0.006936053471136729
2019-03-22,15.319999694824219,15.359999656677246,15.119999885559082,15.140000343322754,12.893153190612793,297800,0.24069506944738664,0.006444441400831483
2019-03-25,15.149999618530273,15.390000343322754,15.069999694824219,15.229999542236328,12.969796180725098,239200,0.24635975366532584,0.00638874445919632
2019-03-26,15.3100004196167,15.359999656677246,15.239999771118164,15.350000381469727,13.071989059448242,172300,0.23804835086358242,0.0065260771979496835
2019-03-27,15.369999885559082,15.420000076293945,15.329999923706055,15.420000076293945,13.131599426269531,303700,0.22747347955817587,0.006815276777053745
2019-03-28,15.1899995803833,15.270000457763672,15.069999694824219,15.239999771118164,13.26213264465332,222300,0.23622540112328666,0.0069536085476292475
2019-03-29,15.300000190734863,15.300000190734863,15.130000114440918,15.1899995803833,13.218622207641602,195300,0.2314950207783337,0.00679480653315237
2019-04-01,15.170000076293945,15.260000228881836,15.069999694824219,15.210000038146973,13.2360258102417,230000,0.2285311288697111,0.006521169774257386
2019-04-02,15.210000038146973,15.239999771118164,15.130000114440918,15.180000305175781,13.209918975830078,150500,0.2200645951416779,0.00666012434238423
2019-04-03,15.25,15.350000381469727,15.1899995803833,15.319999694824219,13.33174991607666,205300,0.21648855808112558,0.00643983239368195
2019-04-04,15.369999885559082,15.399999618530273,15.300000190734863,15.350000381469727,13.357857704162598,191000,0.2081679059178602,0.00657417666293791
2019-04-05,15.420000076293945,15.489999771118164,15.350000381469727,15.4399995803833,13.436176300048828,172000,0.20329872618433,0.006452391167980215
2019-04-08,15.4399995803833,15.489999771118164,15.359999656677246,15.420000076293945,13.418771743774414,191500,0.19806311105980057,0.006365478593448016
2019-04-09,15.420000076293945,15.470000267028809,15.369999885559082,15.420000076293945,13.418771743774414,171300,0.19105863037479529,0.006411121599987821
2019-04-10,15.470000267028809,15.470000267028809,15.359999656677246,15.420000076293945,13.418771743774414,135400,0.18526877180170723,0.006366745669494981
2019-04-11,15.4399995803833,15.489999771118164,15.390000343322754,15.449999809265137,13.444878578186035,112400,0.17917810437268603,0.006347025795175426
2019-04-12,15.470000267028809,15.470000267028809,15.359999656677246,15.380000114440918,13.383963584899902,117700,0.17423685479974863,0.006246613207872709
2019-04-15,15.420000076293945,15.4399995803833,15.350000381469727,15.420000076293945,13.418771743774414,105300,0.16821987937930757,0.006230210508770448
2019-04-16,15.479999542236328,15.520000457763672,15.350000381469727,15.399999618530273,13.401368141174316,123700,0.1683470363017817,0.005794278109749282
2019-04-17,15.510000228881836,15.510000228881836,15.369999885559082,15.430000305175781,13.427474975585938,114600,0.16632227251756543,0.0055250270864969225
2019-04-18,15.420000076293945,15.420000076293945,15.319999694824219,15.359999656677246,13.366558074951172,113800,0.1622992966485652,0.005417737713818586
2019-04-22,15.329999923706055,15.350000381469727,15.15999984741211,15.319999694824219,13.33174991607666,159300,0.16499219040689175,0.005223106002712012
2019-04-23,15.380000114440918,15.420000076293945,15.289999961853027,15.369999885559082,13.375260353088379,172200,0.1624927564093222,0.005028558002344694
2019-04-24,15.380000114440918,15.479999542236328,15.260000228881836,15.289999961853027,13.305644035339355,138500,0.1666003676196915,0.004962776088632165
2019-04-25,15.220000267028809,15.270000457763672,15.0600004196167,15.220000267028809,13.244728088378906,150800,0.1711288800923084,0.00493175725891679
2019-04-26,15.220000267028809,15.3100004196167,15.170000076293945,15.180000305175781,13.209918975830078,183100,0.16890541318019733,0.004738307948430666
2019-04-29,15.180000305175781,15.319999694824219,15.109999656677246,15.199999809265137,13.227323532104492,172500,0.17184074353496698,0.004609523834597736
2019-04-30,15.229999542236328,15.270000457763672,15.119999885559082,15.199999809265137,13.227323532104492,120500,0.1702807312970829,0.004391701577689618
2019-05-01,15.149999618530273,15.329999923706055,14.869999885559082,14.920000076293945,12.983664512634277,298400,0.19097496750064646,0.005556168336680614
2019-05-02,14.930000305175781,15.029999732971191,14.90999984741211,14.989999771118164,13.044578552246094,231800,0.1859053187905347,0.005521416934782838
2019-05-03,14.970000267028809,15.220000267028809,14.970000267028809,15.140000343322754,13.175110816955566,123500,0.1904835103054965,0.005454043690509907
2019-05-06,14.979999542236328,15.210000038146973,14.960000038146973,15.079999923706055,13.12289810180664,130100,0.1947346881408182,0.005368124700853606
2019-05-07,15.020000457763672,15.149999618530273,14.949999809265137,14.979999542236328,13.03587532043457,228600,0.19511076822112666,0.005011550085100381
2019-05-08,15.010000228881836,15.010000228881836,14.859999656677246,14.859999656677246,12.931449890136719,90800,0.1918886113628026,0.004883736283187786
2019-05-09,14.760000228881836,14.859999656677246,14.6899995803833,14.8100004196167,12.887939453125,190000,0.19032514457216992,0.004646574176576707
2019-05-10,14.8100004196167,14.960000038146973,14.779999732971191,14.890000343322754,12.95755672454834,174200,0.18958765604385647,0.004367353773129331
2019-05-13,14.729999542236328,15.0,14.670000076293945,14.8100004196167,12.887939453125,160000,0.19961710373401348,0.0047717890529170226
2019-05-14,14.859999656677246,15.020000457763672,14.859999656677246,15.010000228881836,13.061983108520508,120400,0.2003587419063677,0.0044839211328768225
2019-05-15,14.949999809265137,15.079999923706055,14.949999809265137,15.0600004196167,13.10549259185791,100600,0.1953331256588356,0.004522613641066486
2019-05-16,15.0600004196167,15.180000305175781,14.920000076293945,14.949999809265137,13.009770393371582,127600,0.19995220446047848,0.004529504009679087
2019-05-17,14.899999618530273,15.15999984741211,14.899999618530273,14.970000267028809,13.02717399597168,180700,0.20424134906200403,0.004512335480525263
2019-05-20,14.949999809265137,15.020000457763672,14.9399995803833,15.020000457763672,13.070685386657715,115200,0.1953670296561731,0.004823905760904238
2019-05-21,15.050000190734863,15.09000015258789,14.989999771118164,15.020000457763672,13.070685386657715,91200,0.18855512621428408,0.004965905595260295
2019-05-22,15.0,15.029999732971191,14.920000076293945,14.989999771118164,13.044578552246094,115000,0.1829440212473528,0.0050119912646653655
2019-05-23,14.979999542236328,15.0,14.920000076293945,15.0,13.053279876708984,80500,0.17559087142297436,0.005179216876073442
2019-05-24,15.09000015258789,15.119999885559082,15.020000457763672,15.119999885559082,13.157705307006836,54300,0.1716200867184106,0.0050929002923941775
2019-05-28,15.119999885559082,15.199999809265137,15.079999923706055,15.130000114440918,13.16640853881836,320500,0.1679329294927443,0.004992490073342188
2019-05-29,15.109999656677246,15.109999656677246,14.890000343322754,14.920000076293945,12.983664512634277,143000,0.17308056103741715,0.005003571607008664
2019-05-30,14.920000076293945,15.0,14.760000228881836,14.789999961853027,12.87053394317627,132400,0.17786050461461336,0.004987598176307775
2019-05-31,14.720000267028809,14.720000267028809,14.579999923706055,14.680000305175781,12.774811744689941,109500,0.18015618558121044,0.004795318375614153
2019-06-03,14.680000305175781,14.920000076293945,14.680000305175781,14.920000076293945,12.983664512634277,117600,0.18443072740527855,0.004758120050503722
2019-06-04,14.989999771118164,14.989999771118164,14.84000015258789,14.979999542236328,13.03587532043457,107100,0.18197136248563534,0.004593923255442257
2019-06-05,14.970000267028809,15.079999923706055,14.90999984741211,14.970000267028809,13.02717399597168,86900,0.18111627061480035,0.004326863870827453
2019-06-06,15.029999732971191,15.029999732971191,14.800000190734863,14.970000267028809,13.02717399597168,76200,0.1846079328734809,0.00426720661281696
2019-06-07,15.0,15.050000190734863,14.880000114440918,14.960000038146973,13.018470764160156,104200,0.1835645145463712,0.004036936020980727
2019-06-10,15.029999732971191,15.069999694824219,14.9399995803833,15.029999732971191,13.079386711120605,120800,0.17973848596741027,0.0040218712036936
2019-06-11,15.109999656677246,15.109999656677246,14.960000038146973,15.050000190734863,13.09679126739502,168000,0.17761428115047193,0.0038863236046396527
2019-06-12,15.0,15.09000015258789,14.960000038146973,15.079999923706055,13.12289810180664,84100,0.17421326924264663,0.0038516584834386272
2019-06-13,15.149999618530273,15.289999961853027,15.119999885559082,15.239999771118164,13.26213264465332,202700,0.17676946702152704,0.0037591255759701833
2019-06-14,15.220000267028809,15.460000038146973,15.199999809265137,15.279999732971191,13.296940803527832,468700,0.18271452144012051,0.0039152633504432755
2019-06-17,15.279999732971191,15.369999885559082,15.15999984741211,15.199999809265137,13.227323532104492,171600,0.18466348691918139,0.0037748135024873895
2019-06-18,15.260000228881836,15.34000015258789,15.15999984741211,15.279999732971191,13.296940803527832,128000,0.1843304025089385,0.0035289757101842102
2019-06-19,15.229999542236328,15.369999885559082,15.180000305175781,15.329999923706055,13.340452194213867,140300,0.18473534378567866,0.0033058303935096342
2019-06-20,15.380000114440918,15.380000114440918,15.130000114440918,15.15999984741211,13.19251537322998,192500,0.18939710494384449,0.0034026825909850766
2019-06-21,15.130000114440918,15.210000038146973,14.960000038146973,14.960000038146973,13.018470764160156,281900,0.19372588316214132,0.0034688322786502017
2019-06-24,14.960000038146973,15.029999732971191,14.890000343322754,14.9399995803833,13.001066207885742,322800,0.18988827648259105,0.003495173307285921
2019-06-25,14.979999542236328,15.09000015258789,14.880000114440918,14.880000114440918,12.948853492736816,182400,0.19132483088718974,0.003348129099951119
2019-06-26,14.930000305175781,15.039999961853027,14.800000190734863,14.899999618530273,12.96625804901123,319600,0.19480161233225934,0.003357318553173868
2019-06-27,14.770000457763672,14.770000457763672,14.520000457763672,14.670000076293945,13.055251121520996,179500,0.2080300086489981,0.004062395536285645
2019-06-28,14.6899995803833,14.960000038146973,14.6899995803833,14.859999656677246,13.224337577819824,397600,0.21388500530642876,0.0041904384735102895
2019-07-01,14.9399995803833,14.949999809265137,14.75,14.789999961853027,13.162042617797852,119500,0.2128932055891936,0.003961964276633494
2019-07-02,14.800000190734863,14.890000343322754,14.699999809265137,14.760000228881836,13.135345458984375,138600,0.2112580147655096,0.0037957661728513885
2019-07-03,14.760000228881836,14.899999618530273,14.760000228881836,14.880000114440918,13.242136001586914,50400,0.206168112971433,0.0038882044315103315
2019-07-05,14.850000381469727,14.970000267028809,14.779999732971191,14.9399995803833,13.295531272888184,133200,0.20501328590616044,0.0036929631910647765
2019-07-08,14.899999618530273,14.989999771118164,14.890000343322754,14.9399995803833,13.295531272888184,108100,0.19751229604110684,0.003964965096349692
2019-07-09,14.9399995803833,15.039999961853027,14.890000343322754,15.029999732971191,13.375625610351562,131300,0.1941185333617616,0.003924164923706517
2019-07-10,15.029999732971191,15.119999885559082,15.020000457763672,15.039999961853027,13.384525299072266,86300,0.18739574010702223,0.0041240669473517205
2019-07-11,15.039999961853027,15.149999618530273,15.029999732971191,15.149999618530273,13.482416152954102,117000,0.1825817504964551,0.004173347137581393
2019-07-12,15.170000076293945,15.239999771118164,15.149999618530273,15.180000305175781,13.509114265441895,234400,0.17596877921727191,0.004347606004838663
2019-07-15,15.170000076293945,15.210000038146973,15.109999656677246,15.15999984741211,13.491316795349121,106400,0.17054246509244725,0.004424656584837663
2019-07-16,15.180000305175781,15.239999771118164,15.079999923706055,15.109999656677246,13.446820259094238,80300,0.1697894209724231,0.004162398551636697
2019-07-17,15.170000076293945,15.199999809265137,15.050000190734863,15.130000114440918,13.464618682861328,221300,0.1683758636551267,0.0039660527491838194
2019-07-18,15.119999885559082,15.119999885559082,14.970000267028809,15.0,13.34892749786377,66500,0.16777757678062546,0.0037254980438493485
2019-07-19,14.970000267028809,15.0,14.850000381469727,14.850000381469727,13.215438842773438,107600,0.16650772261988606,0.0035500949093414955
2019-07-22,14.850000381469727,14.949999809265137,14.800000190734863,14.899999618530273,13.259934425354004,122500,0.16532857232777087,0.003380741722396759
2019-07-23,14.9399995803833,15.0600004196167,14.859999656677246,15.050000190734863,13.393424034118652,233000,0.16780515737146245,0.003316159102489246
2019-07-24,15.010000228881836,15.119999885559082,14.920000076293945,15.100000381469727,13.437921524047852,199000,0.17010477536386776,0.003243549023197536
2019-07-25,15.119999885559082,15.170000076293945,14.90999984741211,14.9399995803833,13.295531272888184,144800,0.17652587918657978,0.0034705172231628565
2019-07-26,15.199999809265137,15.34000015258789,15.020000457763672,15.1899995803833,13.518014907836914,226000,0.19248835725929478,0.00436280014098801
2019-07-29,15.180000305175781,15.260000228881836,15.180000305175781,15.260000228881836,13.580309867858887,135000,0.18445346914834906,0.004625092138842131
2019-07-30,15.1899995803833,15.399999618530273,15.1899995803833,15.3100004196167,13.62480640411377,146200,0.18627822407682218,0.004425068052387201
2019-07-31,15.319999694824219,15.380000114440918,15.119999885559082,15.170000076293945,13.500215530395508,183700,0.1915440815628946,0.004485124440507574
2019-08-01,15.180000305175781,15.270000457763672,15.029999732971191,15.140000343322754,13.473517417907715,334300,0.19500527036500787,0.004411986180622266
2019-08-02,15.119999885559082,15.270000457763672,15.0,15.229999542236328,13.553610801696777,159700,0.20036206946491245,0.004479472817713859
2019-08-05,15.25,15.260000228881836,14.8100004196167,14.920000076293945,13.277734756469727,186900,0.21819333659349988,0.005433172411347686
2019-08-06,14.979999542236328,15.1899995803833,14.949999809265137,15.170000076293945,13.500215530395508,164800,0.22189377712891814,0.005309405848781298
2019-08-07,15.079999923706055,15.3100004196167,15.020000457763672,15.25,13.571409225463867,118900,0.22675850460921168,0.00527764310817503
2019-08-08,15.25,15.289999961853027,14.970000267028809,15.09000015258789,13.429020881652832,465000,0.23341858962456932,0.0053763889586880735
2019-08-09,15.140000343322754,15.270000457763672,15.119999885559082,15.199999809265137,13.526912689208984,126800,0.2296029978782273,0.005264903443520499
2019-08-12,15.199999809265137,15.449999809265137,15.09000015258789,15.289999961853027,13.607007026672363,134100,0.23891704493530005,0.00555412798734566
2019-08-13,15.229999542236328,15.300000190734863,15.140000343322754,15.260000228881836,13.580309867858887,97900,0.23328010225507215,0.005560043322551535
2019-08-14,15.119999885559082,15.180000305175781,15.039999961853027,15.069999694824219,13.411222457885742,190700,0.23233154259605332,0.005230651632299198
2019-08-15,15.069999694824219,15.25,15.010000228881836,15.229999542236328,13.553610801696777,161300,0.23287927320477553,0.00489615727347227
2019-08-16,15.289999961853027,15.390000343322754,15.130000114440918,15.140000343322754,13.473517417907715,199800,0.23481648432456556,0.004684803976780681
2019-08-19,15.1899995803833,15.390000343322754,15.1899995803833,15.359999656677246,13.66930103302002,194000,0.23590102115852515,0.004427642038007746
2019-08-20,15.34000015258789,15.40999984741211,15.270000457763672,15.359999656677246,13.66930103302002,97100,0.22905090462209032,0.004600675930752538
2019-08-21,15.369999885559082,15.390000343322754,15.220000267028809,15.300000190734863,13.615904808044434,149600,0.2248329883129371,0.004573335957781158
2019-08-22,15.350000381469727,15.399999618530273,15.229999542236328,15.289999961853027,13.607007026672363,76900,0.22091635174015198,0.00452642885885287
2019-08-23,15.270000457763672,15.319999694824219,15.109999656677246,15.130000114440918,13.464618682861328,130400,0.22013661505492488,0.004258807989308172
2019-08-26,15.210000038146973,15.329999923706055,15.15999984741211,15.3100004196167,13.62480640411377,92900,0.2186982717842257,0.004057346223693243
2019-08-27,15.390000343322754,15.390000343322754,15.119999885559082,15.130000114440918,13.464618682861328,105700,0.22236271363990043,0.0040292816259776335
2019-08-28,15.130000114440918,15.149999618530273,15.0600004196167,15.0600004196167,13.402322769165039,79000,0.21290817687373426,0.004416799850276815
2019-08-29,15.100000381469727,15.15999984741211,14.930000305175781,15.039999961853027,13.384525299072266,122300,0.2141289886853481,0.004188514990372317
2019-08-30,15.100000381469727,15.149999618530273,14.960000038146973,14.989999771118164,13.340028762817383,104400,0.21240545952091616,0.004012444574233719
2019-09-03,14.960000038146973,15.170000076293945,14.869999885559082,15.15999984741211,13.491316795349121,119600,0.2186622260361981,0.004172753284308591
2019-09-04,15.239999771118164,15.3100004196167,15.119999885559082,15.260000228881836,13.580309867858887,136300,0.21661496232344232,0.004020932600626246
2019-09-05,15.329999923706055,15.40999984741211,15.229999542236328,15.289999961853027,13.607007026672363,139500,0.21399962967003797,0.003920532604396111
2019-09-06,15.300000190734863,15.329999923706055,15.239999771118164,15.289999961853027,13.607007026672363,123200,0.20514252416417028,0.004273144954501223
2019-09-09,15.34000015258789,15.5600004196167,15.319999694824219,15.550000190734863,13.838388442993164,209200,0.20977523370699183,0.004298828139381246
2019-09-10,15.539999961853027,15.760000228881836,15.529999732971191,15.550000190734863,13.838388442993164,154400,0.211219895292967,0.004094959099852241
2019-09-11,15.5600004196167,15.670000076293945,15.550000190734863,15.65999984741211,13.936280250549316,165300,0.2047041803119752,0.004267870234219351
2019-09-12,15.699999809265137,15.699999809265137,15.5600004196167,15.640000343322754,13.918482780456543,170800,0.20008240955029394,0.004293148843323774
2019-09-13,15.640000343322754,15.670000076293945,15.5600004196167,15.630000114440918,13.90958309173584,89100,0.1936479272022191,0.004446101236520278
2019-09-16,15.600000381469727,15.649999618530273,15.539999961853027,15.619999885559082,13.90068244934082,121700,0.18767305073614962,0.004555299467202364
2019-09-17,15.630000114440918,15.670000076293945,15.550000190734863,15.640000343322754,13.918482780456543,115400,0.18283925322350195,0.004575192184734172
2019-09-18,15.619999885559082,15.65999984741211,15.5600004196167,15.619999885559082,13.90068244934082,89200,0.1769221228357811,0.004671044913518934
2019-09-19,15.630000114440918,15.779999732971191,15.600000381469727,15.600000381469727,13.882885932922363,273400,0.17714192488332994,0.004353098994521071
2019-09-20,15.619999885559082,15.8100004196167,15.619999885559082,15.720000267028809,13.989677429199219,331700,0.17948893297359012,0.0042098067870738635
2019-09-23,15.75,15.829999923706055,15.680000305175781,15.760000228881836,14.025274276733398,174000,0.17738255337049605,0.004059561988218164
2019-09-24,15.760000228881836,15.84000015258789,15.600000381469727,15.609999656677246,13.891783714294434,282700,0.18185521178104375,0.004089068875527417
2019-09-25,15.619999885559082,15.770000457763672,15.609999656677246,15.640000343322754,13.918482780456543,151100,0.18029418244571388,0.003908494622656163
2019-09-26,15.670000076293945,15.789999961853027,15.619999885559082,15.770000457763672,14.034173011779785,227900,0.179558889149159,0.0036818373850775006
2019-09-27,15.460000038146973,15.489999771118164,15.239999771118164,15.279999732971191,13.888740539550781,178900,0.20459044611318392,0.0052068173550023165
2019-09-30,15.300000190734863,15.34000015258789,15.1899995803833,15.229999542236328,13.843293190002441,184200,0.2006911694054272,0.005113421594484774
2019-10-01,15.270000457763672,15.300000190734863,15.09000015258789,15.100000381469727,13.725131034851074,163400,0.2013560886012519,0.0047956714231519116
2019-10-02,15.010000228881836,15.199999809265137,14.970000267028809,15.130000114440918,13.752399444580078,359500,0.2034020495751859,0.004599263533922061
2019-10-03,15.119999885559082,15.319999694824219,15.029999732971191,15.229999542236328,13.843293190002441,393200,0.20958761473788884,0.004712570793120695
2019-10-04,15.229999542236328,15.289999961853027,15.149999618530273,15.25,13.861472129821777,188700,0.2046170953510935,0.004730995692668884
2019-10-07,15.199999809265137,15.229999542236328,15.140000343322754,15.170000076293945,13.788756370544434,204900,0.19785870687439008,0.004875809462957064
2019-10-08,15.130000114440918,15.149999618530273,15.010000228881836,15.109999656677246,13.734219551086426,154900,0.1951545026270843,0.004720694804696258
2019-10-09,15.119999885559082,15.239999771118164,15.069999694824219,15.15999984741211,13.779667854309082,199600,0.19335775788900295,0.0045118412285094795
2019-10-10,15.210000038146973,15.260000228881836,15.170000076293945,15.180000305175781,13.797845840454102,111100,0.18668937385905465,0.004665880000040824
2019-10-11,15.25,15.369999885559082,15.210000038146973,15.239999771118164,13.85238265991211,194900,0.18692581718221507,0.004349491665977938
2019-10-14,15.25,15.270000457763672,15.170000076293945,15.210000038146973,13.825114250183105,112800,0.1807168574884659,0.004482310810818741
2019-10-15,15.369999885559082,15.369999885559082,15.239999771118164,15.300000190734863,13.906919479370117,161800,0.17923707105444042,0.0042678447839049356
2019-10-16,15.279999732971191,15.380000114440918,15.270000457763672,15.279999732971191,13.888740539550781,187200,0.17429154145606937,0.004316250842081087
2019-10-17,15.279999732971191,15.34000015258789,15.229999542236328,15.25,13.861472129821777,232600,0.16969933209146174,0.004335962165118698
2019-10-18,15.210000038146973,15.319999694824219,15.210000038146973,15.300000190734863,13.906919479370117,165400,0.1654350695618749,0.004330840762580708
2019-10-21,15.3100004196167,15.430000305175781,15.300000190734863,15.380000114440918,13.979635238647461,152700,0.1629040013389494,0.004202285581176765
2019-10-22,15.319999694824219,15.460000038146973,15.319999694824219,15.40999984741211,14.006903648376465,209200,0.16126802576636398,0.0040189777234202395
2019-10-23,15.40999984741211,15.510000228881836,15.40999984741211,15.489999771118164,14.079619407653809,128600,0.1568917654594613,0.0040444979079547
2019-10-24,15.479999542236328,15.5,15.369999885559082,15.420000076293945,14.015993118286133,174100,0.15497093324385106,0.003892807501358667
2019-10-25,15.380000114440918,15.460000038146973,15.279999732971191,15.390000343322754,13.988724708557129,181800,0.15675874552470323,0.0037424506998939176
2019-10-28,15.449999809265137,15.479999542236328,15.359999656677246,15.399999618530273,13.997815132141113,142900,0.154133112670016,0.0036626779966648683
2019-10-29,15.380000114440918,15.5600004196167,15.380000114440918,15.5,14.088709831237793,129600,0.15598076927757068,0.003533033611728426
2019-10-30,15.479999542236328,15.5,15.399999618530273,15.449999809265137,14.043261528015137,110100,0.15198217014843896,0.0035662882915429473
2019-10-31,15.430000305175781,15.5,15.390000343322754,15.5,14.088709831237793,135700,0.14898341918621089,0.0035257499108775985
2019-11-01,15.510000228881836,15.569999694824219,15.380000114440918,15.489999771118164,14.079619407653809,298700,0.15191314498600303,0.00348317676008578
2019-11-04,15.550000190734863,15.569999694824219,15.479999542236328,15.510000228881836,14.097799301147461,286700,0.14749078838613786,0.0035502610343557364
2019-11-05,15.539999961853027,15.539999961853027,15.239999771118164,15.300000190734863,13.906919479370117,245000,0.15838431712533252,0.004074780156129945
2019-11-06,15.3100004196167,15.430000305175781,15.3100004196167,15.40999984741211,14.006903648376465,123800,0.15635687407644577,0.00392854179132686
2019-11-07,15.470000267028809,15.470000267028809,15.319999694824219,15.420000076293945,14.015993118286133,109300,0.15590285251417035,0.0036803617749660428
2019-11-08,15.539999961853027,15.579999923706055,15.149999618530273,15.319999694824219,13.925098419189453,347800,0.17548124198999973,0.004815935182170566
2019-11-11,15.3100004196167,15.470000267028809,15.3100004196167,15.430000305175781,14.025084495544434,182600,0.174375428091579,0.0045509265190455785
2019-11-12,15.390000343322754,15.420000076293945,15.199999809265137,15.210000038146973,13.825114250183105,347500,0.17834864722151225,0.004509661705537555
2019-11-13,15.180000305175781,15.300000190734863,15.149999618530273,15.239999771118164,13.85238265991211,116900,0.1763237847203035,0.004332176048085498
2019-11-14,15.289999961853027,15.380000114440918,15.25,15.300000190734863,13.906919479370117,180700,0.17372925319190707,0.0042080585823934214
2019-11-15,15.329999923706055,15.4399995803833,15.260000228881836,15.399999618530273,13.997815132141113,149400,0.1741771173568755,0.003939473266863064
2019-11-18,15.369999885559082,15.539999961853027,15.34000015258789,15.390000343322754,13.988724708557129,147100,0.17602159535032275,0.0037898307473333633
2019-11-19,15.4399995803833,15.600000381469727,15.4399995803833,15.550000190734863,14.134157180786133,163100,0.17844862697865488,0.00369248795311899
2019-11-20,15.539999961853027,15.600000381469727,15.470000267028809,15.550000190734863,14.134157180786133,185300,0.1749880189402451,0.003675925102068332
2019-11-21,15.579999923706055,15.579999923706055,15.289999961853027,15.369999885559082,13.97054672241211,167200,0.18320315771972953,0.004000154650455196
2019-11-22,15.289999961853027,15.390000343322754,15.279999732971191,15.329999923706055,13.934187889099121,123900,0.17797440433628903,0.00408791170281129
2019-11-25,15.319999694824219,15.489999771118164,15.319999694824219,15.420000076293945,14.015993118286133,143100,0.1774048094761216,0.003836603356908156
2019-11-26,15.399999618530273,15.510000228881836,15.390000343322754,15.489999771118164,14.079619407653809,149400,0.17330445776776163,0.0038554425248690004
2019-11-27,15.5,15.600000381469727,15.460000038146973,15.59000015258789,14.170515060424805,103100,0.17092559245026107,0.0037499727243426833
2019-11-29,15.630000114440918,15.680000305175781,15.550000190734863,15.640000343322754,14.215963363647461,130200,0.16800234402102227,0.0036909209889781206
2019-12-02,15.630000114440918,15.640000343322754,15.239999771118164,15.329999923706055,13.934187889099121,507700,0.18457364603413423,0.0046109482049876815
2019-12-03,15.359999656677246,15.520000457763672,15.319999694824219,15.479999542236328,14.070530891418457,194400,0.18567558295594272,0.004360304541903453
2019-12-04,15.489999771118164,15.6899995803833,15.489999771118164,15.529999732971191,14.115978240966797,316900,0.18741304404101627,0.004172958580701318
2019-12-05,15.59000015258789,15.59000015258789,15.470000267028809,15.529999732971191,14.115978240966797,173900,0.18259781843516382,0.004218834796783542
2019-12-06,15.600000381469727,15.640000343322754,15.550000190734863,15.619999885559082,14.197782516479492,156800,0.17741230357204943,0.004287883372950031
2019-12-09,15.619999885559082,15.649999618530273,15.569999694824219,15.600000381469727,14.179605484008789,96700,0.17045427643876407,0.004478607927259697
2019-12-10,15.600000381469727,15.699999809265137,15.569999694824219,15.640000343322754,14.215963363647461,177900,0.16756469343891792,0.004365106146730158
2019-12-11,15.65999984741211,15.670000076293945,15.539999961853027,15.550000190734863,14.134157180786133,189200,0.16488150922477507,0.004244968865831064
2019-12-12,15.600000381469727,15.739999771118164,15.579999923706055,15.579999923706055,14.161425590515137,309600,0.16667565716466975,0.00406991022826418
2019-12-13,15.569999694824219,15.670000076293945,15.520000457763672,15.65999984741211,14.234142303466797,126700,0.16548451154792715,0.003864284184584067
2019-12-16,15.779999732971191,15.789999961853027,15.649999618530273,15.670000076293945,14.243231773376465,168200,0.16366421381755764,0.0037182851521401702
2019-12-17,15.699999809265137,15.930000305175781,15.680000305175781,15.920000076293945,14.470467567443848,223200,0.17054535775072036,0.003944203636498924
2019-12-18,15.979999542236328,16.030000686645508,15.829999923706055,15.979999542236328,14.525004386901855,165800,0.17264931526420127,0.003812757484854781
2019-12-19,16.010000228881836,16.049999237060547,15.9399995803833,16.049999237060547,14.588630676269531,217800,0.16817433965084733,0.003860058779747578
2019-12-20,16.06999969482422,16.18000030517578,16.020000457763672,16.18000030517578,14.706794738769531,324700,0.16759044734808032,0.0036260468885346803
2019-12-23,16.200000762939453,16.309999465942383,16.1200008392334,16.260000228881836,14.779511451721191,354400,0.16919103158814489,0.0034813709850725293
2019-12-24,16.280000686645508,16.350000381469727,16.190000534057617,16.239999771118164,14.761331558227539,169000,0.16853451843271378,0.0032795954258124276
2019-12-26,16.299999237060547,16.360000610351562,16.25,16.31999969482422,14.834047317504883,268800,0.1650678270613341,0.0032929594219243733
2019-12-27,15.920000076293945,16.0,15.819999694824219,15.989999771118164,14.8340482711792,261400,0.18899155369981022,0.0047665856516780685
2019-12-30,15.989999771118164,16.020000457763672,15.779999732971191,15.819999694824219,14.676337242126465,192300,0.19263506592071522,0.004686366120908564
2019-12-31,15.829999923706055,15.949999809265137,15.800000190734863,15.84000015258789,14.694891929626465,117600,0.18958967682139796,0.004569153476509186
2020-01-02,15.800000190734863,15.800000190734863,15.609999656677246,15.65999984741211,14.527904510498047,252200,0.19247616389920127,0.004448963019458766
2020-01-03,15.65999984741211,15.789999961853027,15.640000343322754,15.6899995803833,14.55573558807373,302800,0.18944212494427787,0.004347897014849098
2020-01-06,15.649999618530273,15.729999542236328,15.59000015258789,15.65999984741211,14.527904510498047,197000,0.18591050099457498,0.004289591795910083
2020-01-07,15.600000381469727,15.699999809265137,15.579999923706055,15.670000076293945,14.537181854248047,128100,0.18120259989203977,0.004319471032097593
2020-01-08,15.84000015258789,16.020000457763672,15.800000190734863,15.859999656677246,14.713444709777832,401100,0.19325958429044596,0.004872150558262492
2020-01-09,16.0,16.06999969482422,15.899999618530273,15.989999771118164,14.8340482711792,410500,0.1944553309944836,0.004609550282960716
2020-01-10,16.049999237060547,16.139999389648438,15.989999771118164,16.139999389648438,14.973203659057617,365300,0.19127992296132573,0.004507111550831939
2020-01-13,16.139999389648438,16.239999771118164,16.06999969482422,16.239999771118164,15.065974235534668,348300,0.1897599339136557,0.004293745657748946
2020-01-14,16.239999771118164,16.25,16.110000610351562,16.229999542236328,15.056697845458984,262200,0.18620560932328295,0.004240929867222075
2020-01-15,16.25,16.329999923706055,16.190000534057617,16.299999237060547,15.121636390686035,249900,0.182905165060794,0.004173752324026852
2020-01-16,16.350000381469727,16.450000762939453,16.34000015258789,16.40999984741211,15.223685264587402,171400,0.18055490511923059,0.004043502868136606
2020-01-17,16.450000762939453,16.450000762939453,16.239999771118164,16.389999389648438,15.205130577087402,266300,0.18265819702652047,0.003904916370933269
2020-01-21,16.399999618530273,16.489999771118164,16.350000381469727,16.459999084472656,15.27007007598877,300200,0.17961113935665743,0.003843640749428253
2020-01-22,16.489999771118164,16.56999969482422,16.459999084472656,16.540000915527344,15.344287872314453,170900,0.17463895871343635,0.003924250741842027
2020-01-23,16.020000457763672,16.280000686645508,16.010000228881836,16.100000381469727,14.936095237731934,3329500,0.20002193928001288,0.0054570171578944915
2020-01-24,16.139999389648438,16.270000457763672,16.110000610351562,16.139999389648438,14.973203659057617,672200,0.19787752049529378,0.005220402988381964
2020-01-27,16.1200008392334,16.270000457763672,16.1200008392334,16.219999313354492,15.047419548034668,502600,0.1944576703549352,0.005091792070666008
2020-01-28,16.290000915527344,16.3700008392334,16.260000228881836,16.299999237060547,15.121636390686035,471400,0.19128223146379028,0.004954909700700215
2020-01-29,16.34000015258789,16.520000457763672,16.34000015258789,16.43000030517578,15.242238998413086,369000,0.19333358783802848,0.004747513034524357
2020-01-30,16.420000076293945,16.530000686645508,16.420000076293945,16.479999542236328,15.288623809814453,293600,0.1873812323032809,0.00483357321311173
2020-01-31,16.469999313354492,16.530000686645508,16.329999923706055,16.34000015258789,15.158744812011719,610400,0.18828262734872178,0.004552703343992383
2020-02-03,16.360000610351562,16.5,16.360000610351562,16.479999542236328,15.288623809814453,300000,0.1862624287818209,0.004371810145628705
2020-02-04,16.5,16.770000457763672,16.420000076293945,16.729999542236328,15.520551681518555,540200,0.19795799683095702,0.00489493571016495
2020-02-05,16.729999542236328,16.84000015258789,16.59000015258789,16.84000015258789,15.622600555419922,295700,0.20167528277160293,0.004810817869485019
2020-02-06,16.940000534057617,17.06999969482422,16.860000610351562,16.860000610351562,15.641154289245605,584700,0.20369844416194044,0.004611699549545911
2020-02-07,16.850000381469727,16.90999984741211,16.579999923706055,16.649999618530273,15.446333885192871,286800,0.21271997841509147,0.004926687742660562
2020-02-10,16.670000076293945,16.760000228881836,16.549999237060547,16.579999923706055,15.38139533996582,266100,0.21252576508696272,0.004588653855908289
2020-02-11,16.6200008392334,16.670000076293945,16.559999465942383,16.6200008392334,15.41850471496582,182400,0.20520253974871985,0.004783980390360759
2020-02-12,16.6299991607666,16.829999923706055,16.6299991607666,16.75,15.539105415344238,207300,0.20554515008614388,0.004466739672293849
2020-02-13,16.729999542236328,16.940000534057617,16.729999542236328,16.8799991607666,15.659706115722656,193900,0.20586342449579711,0.004170420724962377
2020-02-14,16.8799991607666,16.899999618530273,16.829999923706055,16.8799991607666,15.659706115722656,200100,0.19615887237639867,0.004565715824564953
2020-02-18,16.8799991607666,16.920000076293945,16.860000610351562,16.90999984741211,15.687539100646973,204200,0.18643320048825468,0.004934284114820599
2020-02-19,16.920000076293945,17.100000381469727,16.90999984741211,17.0,15.771032333374023,298300,0.18668801002892343,0.00460003593095261
2020-02-20,17.100000381469727,17.690000534057617,17.0,17.6200008392334,16.34621238708496,524300,0.22263890460240157,0.00683938297684729
2020-02-21,17.6299991607666,17.719999313354492,17.360000610351562,17.68000030517578,16.401874542236328,425600,0.23245031877386785,0.007051670919320075
2020-02-24,17.350000381469727,17.68000030517578,17.350000381469727,17.43000030517578,16.16994857788086,383700,0.23941814769759548,0.007045682205349187
2020-02-25,17.309999465942383,17.420000076293945,16.700000762939453,16.850000381469727,15.631876945495605,527500,0.27445967587893355,0.009045385489348393
2020-02-26,16.81999969482422,16.969999313354492,16.639999389648438,16.670000076293945,15.464889526367188,314900,0.27842683643801364,0.00868265513718637
2020-02-27,16.459999084472656,16.459999084472656,15.720000267028809,15.760000228881836,14.620675086975098,719700,0.3263963344970939,0.011488858203035931
2020-02-28,15.34000015258789,15.539999961853027,14.789999961853027,15.260000228881836,14.156821250915527,1115700,0.3723680439636449,0.013951919007572726
2020-03-02,15.34000015258789,15.920000076293945,15.180000305175781,15.899999618530273,14.750554084777832,529500,0.3986274530461106,0.014831025441493648
2020-03-03,15.960000038146973,16.489999771118164,15.5600004196167,15.84000015258789,14.694891929626465,496600,0.43658258865006444,0.016482747595955093
2020-03-04,16.079999923706055,16.229999542236328,15.619999885559082,16.059999465942383,14.89898681640625,561300,0.4489695220805774,0.016190189441280655
2020-03-05,15.84000015258789,15.989999771118164,15.710000038146973,15.850000381469727,14.704169273376465,355600,0.4419002296316369,0.015538696798970644
2020-03-06,15.539999961853027,15.699999809265137,15.010000228881836,15.539999961853027,14.416579246520996,467100,0.47033593841422644,0.01645991194065771
2020-03-09,14.600000381469727,14.970000267028809,13.960000038146973,14.039999961853027,13.025017738342285,511300,0.549597651649357,0.020945754890262912
2020-03-10,14.3100004196167,14.579999923706055,13.800000190734863,14.430000305175781,13.386823654174805,407100,0.5660549431723452,0.020625150364029
2020-03-11,14.180000305175781,14.180000305175781,13.239999771118164,13.569999694824219,12.588994026184082,608600,0.610622485378436,0.02233532120989056
2020-03-12,12.800000190734863,12.850000381469727,11.289999961853027,11.300000190734863,10.483098983764648,886500,0.7298637173493471,0.029257171978534884
2020-03-13,11.859999656677246,12.359999656677246,11.260000228881836,12.0600004196167,11.188156127929688,767000,0.7563019823812087,0.029055821482343935
2020-03-16,10.020000457763672,10.510000228881836,6.71999979019165,6.829999923706055,6.336244106292725,1035100,1.083709028598626,0.05036662324913488
2020-03-17,7.449999809265137,7.5,6.489999771118164,6.670000076293945,6.187810897827148,1263300,1.078444114333141,0.047145072607445604
2020-03-18,6.289999961853027,6.400000095367432,2.7799999713897705,4.300000190734863,3.9891438484191895,1583000,1.279269542231072,0.058122240842480286
2020-03-19,4.420000076293945,6.199999809265137,4.25,6.039999961853027,5.6033549308776855,1606400,1.3271788470192194,0.05739274541002793
2020-03-20,6.199999809265137,7.400000095367432,5.909999847412109,6.039999961853027,5.6033549308776855,1490400,1.338808947086084,0.05412398502837341
2020-03-23,5.75,5.909999847412109,4.769999980926514,5.269999980926514,4.889019966125488,769500,1.333894020931829,0.05060905225165065
2020-03-24,5.46999979019165,5.889999866485596,5.019999980926514,5.170000076293945,4.7962493896484375,648000,1.3007587255480613,0.049360926761087595
2020-03-25,5.190000057220459,6.329999923706055,5.179999828338623,5.75,5.334319591522217,892500,1.290704519966922,0.04655330381966271
2020-03-26,5.949999809265137,8.819999694824219,5.949999809265137,7.25,6.725881576538086,1536700,1.417797032456729,0.05230610443895873
2020-03-27,7.320000171661377,9.34000015258789,7.130000114440918,8.789999961853027,8.15455150604248,2140800,1.4743829614346036,0.05261180619173843
2020-03-30,8.5,8.579999923706055,6.5,7.139999866485596,6.882209777832031,1539000,1.5326413186073482,0.053015131261810296
2020-03-31,6.989999771118164,7.5,6.900000095367432,6.989999771118164,6.737625598907471,830300,1.4660240747520068,0.0539867107327768
2020-04-01,6.309999942779541,6.590000152587891,5.300000190734863,5.570000171661377,5.368895053863525,671500,1.4820223251542421,0.05127324928059527
2020-04-02,5.269999980926514,5.860000133514404,5.010000228881836,5.019999980926514,4.838752746582031,1022100,1.436877866545551,0.0508354785183164
2020-04-03,5.0,5.130000114440918,3.9700000286102295,4.190000057220459,4.03872013092041,872800,1.4171008822087752,0.04861701464820636
2020-04-06,4.289999961853027,5.239999771118164,4.289999961853027,5.059999942779541,4.877308368682861,1183000,1.3908793701865558,0.04701733588920728
2020-04-07,5.570000171661377,7.869999885559082,5.5,5.769999980926514,5.561674118041992,2191700,1.492245125371769,0.05089936583892198
2020-04-08,6.210000038146973,8.550000190734863,5.909999847412109,8.15999984741211,7.865382671356201,2360400,1.5842276314029533,0.053833875852655
2020-04-09,8.600000381469727,9.960000038146973,7.659999847412109,8.130000114440918,7.836466312408447,1980800,1.635354242783804,0.05364049981895468
2020-04-13,8.229999542236328,8.25,7.0,7.690000057220459,7.412352085113525,787300,1.607828939727818,0.05177512862159977
2020-04-14,8.199999809265137,8.399999618530273,7.440000057220459,7.710000038146973,7.4316301345825195,682500,1.5615554126979607,0.051382157079332455
2020-04-15,7.389999866485596,7.449999809265137,6.940000057220459,7.21999979019165,6.95932149887085,646400,1.5050157390000003,0.051750551123520165
2020-04-16,7.210000038146973,7.21999979019165,6.650000095367432,6.860000133514404,6.612319469451904,853000,1.4382288787017303,0.05282457320743087
2020-04-17,7.21999979019165,7.630000114440918,7.019999980926514,7.360000133514404,7.094266891479492,694200,1.3904982431463577,0.05246072051799814
2020-04-20,7.0,7.300000190734863,6.739999771118164,6.889999866485596,6.641236305236816,609900,1.335462680235635,0.05264463783176417
2020-04-21,6.610000133514404,7.090000152587891,6.610000133514404,7.019999980926514,6.766542434692383,720700,1.2743582044383388,0.05324891197215932
2020-04-22,7.110000133514404,7.260000228881836,6.400000095367432,6.769999980926514,6.525568962097168,700000,1.2447611993723435,0.051559490050290466
2020-04-23,6.760000228881836,7.170000076293945,6.639999866485596,6.800000190734863,6.55448579788208,440600,1.1937068429749154,0.05152340907508601
2020-04-24,6.829999923706055,6.849999904632568,6.420000076293945,6.610000133514404,6.3713459968566895,490200,1.139156341929466,0.051739629930111976
2020-04-27,6.730000019073486,7.5,6.429999828338623,7.159999847412109,6.901487827301025,767500,1.1342166154817452,0.04839677968136974
2020-04-28,7.380000114440918,8.3100004196167,7.380000114440918,7.889999866485596,7.605131149291992,675300,1.1353440409619484,0.04502039723842927
2020-04-29,8.180000305175781,9.0,8.140000343322754,8.3100004196167,8.009967803955078,842600,1.1335337618585524,0.04193396022878404
2020-04-30,8.1899995803833,8.260000228881836,7.639999866485596,7.75,7.47018575668335,545600,1.100424246949449,0.04130364270594971
2020-05-01,7.619999885559082,7.840000152587891,7.25,7.760000228881836,7.479825019836426,686700,1.0639653830664806,0.04095758707573676
2020-05-04,7.550000190734863,7.769999980926514,7.269999980926514,7.639999866485596,7.364157199859619,650200,1.0236821414188748,0.04090941954515598
2020-05-05,7.820000171661377,8.220000267028809,7.110000133514404,7.429999828338623,7.161739349365234,858400,1.029847712282841,0.03842771606792815
2020-05-06,7.480000019073486,7.630000114440918,7.010000228881836,7.159999847412109,6.901487827301025,509000,1.0005728675168584,0.03777393954636062
2020-05-07,7.289999961853027,7.650000095367432,7.260000228881836,7.550000190734863,7.277407169342041,565600,0.9641033946910343,0.03768076335203658
2020-05-08,7.539999961853027,8.010000228881836,7.0,7.449999809265137,7.1810173988342285,881600,0.9673817399903772,0.03522344777684418
2020-05-11,7.449999809265137,7.480000019073486,6.829999923706055,7.150000095367432,6.891849040985107,693500,0.9447116225173097,0.03432678132657442
2020-05-12,7.199999809265137,7.199999809265137,6.630000114440918,6.739999771118164,6.496651649475098,635300,0.917946484824946,0.033786663924130794
2020-05-13,6.650000095367432,6.650000095367432,6.03000020980835,6.300000190734863,6.072538375854492,813400,0.9030931331452938,0.032434284478096605
2020-05-14,6.039999961853027,6.409999847412109,5.699999809265137,6.300000190734863,6.072538375854492,677400,0.8893007692168423,0.03110271872455053
2020-05-15,6.28000020980835,6.340000152587891,6.03000020980835,6.159999847412109,5.93759298324585,362300,0.847922138757035,0.031836712419926014
2020-05-18,6.400000095367432,7.119999885559082,6.400000095367432,7.0,6.747264862060547,584800,0.8559277029991735,0.03013448755008405
2020-05-19,7.019999980926514,7.309999942779541,6.619999885559082,6.980000019073486,6.727986812591553,479700,0.8440757283006939,0.028828593774969453
2020-05-20,7.099999904632568,7.420000076293945,7.079999923706055,7.170000076293945,6.911127090454102,343200,0.8152131803663913,0.028831019072064673
2020-05-21,7.150000095367432,7.289999961853027,6.909999847412109,7.079999923706055,6.824376106262207,386300,0.7841265328002861,0.02899213539306757
2020-05-22,7.039999961853027,7.239999771118164,6.849999904632568,7.199999809265137,6.9400434494018555,174800,0.7559746280635224,0.02893211891761729
2020-05-26,7.349999904632568,7.71999979019165,7.090000152587891,7.619999885559082,7.344879627227783,524600,0.7469764144592537,0.0275082685380924
2020-05-27,7.75,8.149999618530273,7.699999809265137,8.020000457763672,7.730438232421875,590900,0.7314780800672492,0.026650416099086114
2020-05-28,8.1899995803833,8.40999984741211,7.820000171661377,7.980000019073486,7.6918816566467285,646500,0.7213724797589266,0.025468643542603007
2020-05-29,7.769999980926514,7.889999866485596,7.380000114440918,7.449999809265137,7.1810173988342285,755300,0.7127030101070438,0.0242687025504087
2020-06-01,8.0600004196167,8.449999809265137,7.860000133514404,8.020000457763672,7.730438232421875,1072300,0.7332242236708264,0.024001024765649692
2020-06-02,8.319999694824219,8.84000015258789,8.100000381469727,8.479999542236328,8.173829078674316,908300,0.7394224716103545,0.022729397849498147
2020-06-03,8.899999618530273,9.649999618530273,8.84000015258789,9.15999984741211,8.829277992248535,1006000,0.7701780148020395,0.02330269394536864
2020-06-04,9.25,9.880000114440918,9.109999656677246,9.6899995803833,9.340142250061035,920000,0.7701653321564418,0.02163912170967072
2020-06-05,10.25,11.270000457763672,9.949999809265137,10.140000343322754,9.773895263671875,1004900,0.8280107282438652,0.024225284165224487
2020-06-08,11.149999618530273,11.460000038146973,10.770000457763672,11.010000228881836,10.612483978271484,937700,0.863152797285319,0.02500505451352658
2020-06-09,10.5,10.779999732971191,9.899999618530273,10.0,9.638949394226074,893400,0.8807847839329079,0.024478406808816747
2020-06-10,9.970000267028809,10.1899995803833,9.25,9.510000228881836,9.166641235351562,590400,0.8850144122507931,0.023032065488035925
2020-06-11,8.5600004196167,9.0,8.1899995803833,8.359999656677246,8.058161735534668,663800,0.9160848576970605,0.023606235485052456
2020-06-12,8.949999809265137,9.140000343322754,8.4399995803833,9.0,8.675054550170898,476100,0.9063645597648068,0.02261438280270969
2020-06-15,8.430000305175781,9.220000267028809,8.399999618530273,9.09000015258789,8.761805534362793,604900,0.9001957089600731,0.021439701945711407
2020-06-16,10.0,10.0,8.90999984741211,9.270000457763672,8.935306549072266,432100,0.9137531692192029,0.020876684682384152
2020-06-17,9.270000457763672,9.3100004196167,8.979999542236328,9.079999923706055,8.752165794372559,354500,0.8720565769450006,0.022363820938942593
2020-06-18,8.890000343322754,9.149999618530273,8.880000114440918,9.069999694824219,8.74252700805664,252600,0.8290525003124545,0.023838124917057134
2020-06-19,9.289999961853027,9.529999732971191,9.0,9.119999885559082,8.790721893310547,756000,0.807691588359507,0.02366118113390644
2020-06-22,9.119999885559082,9.170000076293945,8.800000190734863,9.109999656677246,8.781083106994629,433700,0.7764278953023338,0.02420421769985407
2020-06-23,9.300000190734863,9.550000190734863,9.199999809265137,9.489999771118164,9.14736270904541,475400,0.7523973694991398,0.024191811135806922
2020-06-24,9.239999771118164,9.270000457763672,8.5600004196167,8.819999694824219,8.501553535461426,980600,0.7650832253564488,0.02336995718734278
2020-06-25,8.770000457763672,9.319999694824219,8.75,9.300000190734863,8.96422290802002,432600,0.7511486874612895,0.022695998666472532
2020-06-26,9.199999809265137,9.220000267028809,8.829999923706055,9.140000343322754,8.8100004196167,735000,0.731066657430398,0.022509286621073883
2020-06-29,8.890000343322754,9.039999961853027,8.600000381469727,8.979999542236328,8.979999542236328,638300,0.7174190363177287,0.021876310513330697
2020-06-30,9.199999809265137,9.289999961853027,8.930000305175781,9.119999885559082,9.119999885559082,958600,0.6918890806291228,0.0221372851687075
2020-07-01,9.09000015258789,9.319999694824219,8.630000114440918,8.739999771118164,8.739999771118164,725600,0.6917541163258498,0.02056569082117646
2020-07-02,8.920000076293945,9.029999732971191,8.460000038146973,8.510000228881836,8.510000228881836,358400,0.6830573719328762,0.019717908933447686
2020-07-06,8.6899995803833,8.829999923706055,8.430000305175781,8.5600004196167,8.5600004196167,385000,0.6628389609755475,0.019753659078010615
2020-07-07,8.520000457763672,8.569999694824219,8.319999694824219,8.329999923706055,8.329999923706055,396900,0.6333504637630084,0.020449004659048364
2020-07-08,8.3100004196167,8.40999984741211,8.079999923706055,8.3100004196167,8.3100004196167,291900,0.6116825680446546,0.02053606830614161
2020-07-09,8.25,8.25,7.820000171661377,8.020000457763672,8.020000457763672,502200,0.6029909737525594,0.019690034447995438
2020-07-10,7.960000038146973,8.369999885559082,7.889999866485596,8.350000381469727,8.350000381469727,383000,0.5942059055611971,0.018911108286807355
2020-07-13,8.420000076293945,8.539999961853027,8.25,8.279999732971191,8.279999732971191,362900,0.5724769095820422,0.01911238597911789
2020-07-14,8.279999732971191,8.649999618530273,8.109999656677246,8.399999618530273,8.399999618530273,300600,0.5701571276013983,0.017912914264941182
2020-07-15,8.760000228881836,9.050000190734863,8.729999542236328,9.0,9.0,487000,0.5758602307873405,0.017040784902155545
2020-07-16,8.880000114440918,8.989999771118164,8.670000076293945,8.789999961853027,8.789999961853027,199000,0.5582987802815343,0.017077975302416303
2020-07-17,8.789999961853027,8.850000381469727,8.619999885559082,8.699999809265137,8.699999809265137,137000,0.5348489028264708,0.017533111170462534
2020-07-20,8.640000343322754,8.710000038146973,8.470000267028809,8.579999923706055,8.579999923706055,254100,0.5137882505615917,0.017785078391492286
2020-07-21,8.699999809265137,8.890000343322754,8.640000343322754,8.800000190734863,8.800000190734863,275800,0.4992319769226708,0.01755444948059433
2020-07-22,8.710000038146973,9.079999923706055,8.65999984741211,9.0,9.0,320800,0.49357255544919043,0.016704804622943333
2020-07-23,9.0,9.199999809265137,8.899999618530273,8.920000076293945,8.920000076293945,377600,0.4797459579695956,0.016499218398418437
2020-07-24,8.949999809265137,9.020000457763672,8.630000114440918,8.6899995803833,8.6899995803833,363200,0.4733355569233927,0.0157785885875459
2020-07-27,8.880000114440918,8.9399995803833,8.729999542236328,8.829999923706055,8.829999923706055,221800,0.4573830171431504,0.0157910136727385
2020-07-28,8.75,9.069999694824219,8.75,8.979999542236328,8.979999542236328,279300,0.4475699226917981,0.015364019442639484
2020-07-29,8.960000038146973,9.220000267028809,8.899999618530273,9.149999618530273,9.149999618530273,310900,0.4384578316779936,0.014917453126294127
2020-07-30,8.949999809265137,9.1899995803833,8.819999694824219,9.180000305175781,9.180000305175781,365000,0.43356797838378563,0.014201195995430831
2020-07-31,9.229999542236328,9.359999656677246,8.899999618530273,9.130000114440918,9.130000114440918,346900,0.4354559826525847,0.013321682300671421
2020-08-03,9.079999923706055,9.079999923706055,8.75,8.970000267028809,8.970000267028809,349700,0.43149484920889425,0.012653071668029925
2020-08-04,8.899999618530273,9.079999923706055,8.789999961853027,9.020000457763672,9.020000457763672,267000,0.4213880715406181,0.01247119352519037
2020-08-05,9.09000015258789,9.239999771118164,8.949999809265137,9.1899995803833,9.1899995803833,340500,0.412003206562933,0.01225074148608285
2020-08-06,9.25,9.699999809265137,9.140000343322754,9.329999923706055,9.329999923706055,363600,0.4225743679471794,0.01213077147880882
2020-08-07,9.359999656677246,9.75,9.239999771118164,9.739999771118164,9.739999771118164,251700,0.4288190722996549,0.011710338112642152
2020-08-10,9.829999923706055,10.25,9.819999694824219,10.039999961853027,10.039999961853027,325400,0.43461772634123924,0.011288074964709452
2020-08-11,10.289999961853027,10.489999771118164,9.960000038146973,10.020000457763672,10.020000457763672,308200,0.4414307268148073,0.010968426786770779
2020-08-12,10.069999694824219,10.180000305175781,9.670000076293945,9.84000015258789,9.84000015258789,250800,0.4463285483910236,0.01053481212887403
