Date,Open,High,Low,Close,Adj Close,Volume,ATR,ATR_2
2018-12-31,75.01000213623047,75.66999816894531,74.73999786376953,75.62999725341797,73.26819610595703,1683600,0.0,0.0
2019-01-02,74.5199966430664,75.95999908447266,74.16000366210938,75.23999786376953,72.89037322998047,1536600,0.0,0.0
2019-01-03,73.91000366210938,74.31999969482422,72.23999786376953,72.43000030517578,70.16812896728516,3610900,0.0,0.0
2019-01-04,73.63999938964844,74.93000030517578,73.2300033569336,74.33000183105469,72.00880432128906,1919500,0.0,0.0
2019-01-07,74.0999984741211,75.93000030517578,73.91999816894531,75.80000305175781,73.43289947509766,2723900,0.0,0.0
2019-01-08,76.12000274658203,76.45999908447266,74.2699966430664,75.55000305175781,73.19070434570312,2801000,0.0,0.0
2019-01-09,75.77999877929688,77.47000122070312,75.54000091552734,77.06999969482422,74.6632308959961,1766800,0.0,0.0
2019-01-10,76.66000366210938,78.12999725341797,76.29000091552734,78.12000274658203,75.6804428100586,1270300,0.0,0.0
2019-01-11,77.43000030517578,78.48999786376953,77.41000366210938,78.45999908447266,76.00982666015625,1458100,0.0,0.0
2019-01-14,77.81999969482422,78.08999633789062,77.0,77.66000366210938,75.23481750488281,1235100,0.0,0.0
2019-01-15,77.93000030517578,78.12000274658203,76.91000366210938,77.31999969482422,74.9054183959961,1274900,0.0,0.0
2019-01-16,77.30999755859375,78.72000122070312,77.30999755859375,78.48999786376953,76.03887939453125,2071000,0.0,0.0
2019-01-17,77.91999816894531,79.94999694824219,77.62000274658203,79.7300033569336,77.24015808105469,1928400,0.0,0.0
2019-01-18,79.83000183105469,81.37000274658203,79.54000091552734,81.25,78.71269989013672,1737300,1.8228563581194197,0.13020402557995855
2019-01-22,80.66999816894531,80.75,78.91000366210938,79.4800033569336,76.99797821044922,2931400,1.8597949281030772,0.1235422073230799
2019-01-23,77.0,80.87000274658203,74.83999633789062,76.0,73.62664794921875,6593300,2.1576671767165294,0.13599435312953506
2019-01-24,75.72000122070312,79.38999938964844,75.62000274658203,78.76000213623047,76.30045318603516,2725300,2.272833567170092,0.13450664150982275
2019-01-25,79.76000213623047,81.20999908447266,79.37999725341797,80.1500015258789,77.64704895019531,2001500,2.2854880943895273,0.12580291906050936
2019-01-28,78.97000122070312,80.02999877929688,78.83000183105469,79.8499984741211,77.35641479492188,1193500,2.2165246372777196,0.12174295749274495
2019-01-29,79.8499984741211,80.13999938964844,78.68000030517578,78.75,76.29076385498047,1848000,2.1624870977916437,0.1169068562065543
2019-01-30,79.19999694824219,80.4000015258789,78.52999877929688,80.2699966430664,77.76329040527344,1235900,2.1415953584195284,0.11004863357552296
2019-01-31,80.0,81.01000213623047,79.52999877929688,80.94999694824219,78.42205810546875,1320200,2.0943387868848187,0.10556348628689345
2019-02-01,81.12000274658203,81.80999755859375,80.77999877929688,81.37000274658203,78.82894897460938,1307600,2.018314500628537,0.10345354342756405
2019-02-04,81.66000366210938,81.66000366210938,80.63999938964844,80.97000122070312,78.44144439697266,1191700,1.9470066271879942,0.10115742414277681
2019-02-05,81.04000091552734,81.75,80.83999633789062,81.75,79.19708251953125,1315300,1.8729349868252356,0.09922272530134693
2019-02-06,81.86000061035156,83.16000366210938,81.68000030517578,82.98999786376953,80.39835357666016,1917600,1.8448684418329755,0.09414014099355503
2019-02-07,82.20999908447266,82.31999969482422,80.56999969482422,80.95999908447266,78.43175506591797,1980800,1.8859491366267138,0.09035018055071098
2019-02-08,80.26000213623047,81.11000061035156,79.54000091552734,80.41000366210938,77.89893341064453,1824600,1.863381319355107,0.08550858317363211
2019-02-11,80.58999633789062,80.62000274658203,79.87000274658203,80.08000183105469,77.57923126220703,1568800,1.7838540822583135,0.08508134416814363
2019-02-12,80.58000183105469,81.7699966430664,80.26000213623047,81.44000244140625,78.89675903320312,2091900,1.7771498486692712,0.07948297912677925
2019-02-13,81.68000030517578,82.0,81.0,81.26000213623047,78.7223892211914,1913200,1.7216391451928945,0.07777067372317906
2019-02-14,81.05000305175781,81.66999816894531,80.83000183105469,80.86000061035156,78.33486938476562,1324400,1.6586646589570182,0.07671380318837172
2019-02-15,81.68000030517578,82.23999786376953,81.36000061035156,82.13999938964844,79.57489776611328,1199900,1.6387598442756575,0.07265601829501378
2019-02-19,82.13999938964844,82.5,81.6500015258789,82.16999816894531,79.60397338867188,1418500,1.5824197464074743,0.07149059540738302
2019-02-20,82.38999938964844,82.8499984741211,82.27999877929688,82.77999877929688,80.19491577148438,1462000,1.5179612148909247,0.07098830512946634
2019-02-21,82.33999633789062,82.80000305175781,82.0999984741211,82.45999908447266,80.3117904663086,1204300,1.4595357408013387,0.07009096005518918
2019-02-22,83.0,83.47000122070312,82.69999694824219,83.3499984741211,81.17860412597656,960200,1.4274261976177052,0.06737800170722093
2019-02-25,83.95999908447266,84.43000030517578,83.8499984741211,84.05999755859375,81.87010192871094,1592600,1.4026101714346326,0.06433786059835318
2019-02-26,84.0999984741211,84.13999938964844,83.30999755859375,83.44999694824219,81.2760009765625,948100,1.361709575693208,0.0626637702514297
2019-02-27,83.0999984741211,83.26000213623047,82.26000213623047,82.48999786376953,80.34100341796875,1089700,1.3494442354302445,0.05906388239511069
2019-02-28,82.44999694824219,82.80999755859375,81.9800033569336,82.08999633789062,79.95142364501953,1329000,1.312340661589524,0.05749528892693997
2019-03-01,82.80999755859375,83.27999877929688,82.4800033569336,83.16000366210938,80.9935531616211,1478800,1.3036022172907187,0.054012657167787484
2019-03-04,83.38999938964844,83.94000244140625,82.37000274658203,82.91000366210938,80.75007629394531,1826900,1.3226306085431114,0.05151378103097358
2019-03-05,83.05999755859375,83.16000366210938,82.29000091552734,82.52999877929688,80.37995910644531,1565000,1.290300046974463,0.05014355106937892
2019-03-06,82.70999908447266,82.7699966430664,81.47000122070312,81.63999938964844,79.51314544677734,1262500,1.29099257378795,0.046611335051100926
2019-03-07,81.44000244140625,81.44000244140625,79.98999786376953,81.12000274658203,79.00670623779297,1710000,1.3166360703658755,0.045113632303016966
2019-03-08,80.43000030517578,81.31999969482422,80.05999755859375,81.19000244140625,79.07487487792969,1223100,1.3125907893562037,0.042180178639206596
2019-03-11,81.3499984741211,82.94999694824219,81.3499984741211,82.86000061035156,80.70136260986328,1028900,1.3445481977476132,0.04144998076436395
2019-03-12,83.02999877929688,83.2300033569336,81.9800033569336,82.54000091552734,80.38970947265625,1426000,1.3377947550513551,0.038971656616642106
2019-03-13,83.06999969482422,83.69000244140625,82.97000122070312,83.41999816894531,81.24678039550781,1400500,1.3243809529676087,0.03714609557857813
2019-03-14,83.5,83.95999908447266,83.05000305175781,83.29000091552734,81.12017059326172,1523100,1.2947820300924113,0.03660701181405094
2019-03-15,83.19000244140625,84.16999816894531,83.19000244140625,83.69999694824219,81.51949310302734,2405700,1.2722972941957436,0.03559827781995214
2019-03-18,83.86000061035156,84.22000122070312,83.0,83.33999633789062,81.16886901855469,1858100,1.268561860374842,0.03332236039144852
2019-03-19,83.51000213623047,84.08999633789062,83.13999938964844,83.47000122070312,81.29547882080078,1246200,1.2458072237939384,0.03256752297640961
2019-03-20,83.37999725341797,83.37999725341797,82.27999877929688,82.63999938964844,80.48710632324219,2471200,1.2418211679091036,0.030525989612725696
2019-03-21,82.2300033569336,84.41000366210938,82.08999633789062,83.87000274658203,81.68505859375,1552300,1.3188344647883639,0.03384651156033531
2019-03-22,83.41000366210938,83.41000366210938,81.4800033569336,81.69000244140625,79.56185913085938,1723900,1.3953462451355119,0.03689403075939336
2019-03-25,81.73999786376953,81.91000366210938,80.87000274658203,81.08000183105469,78.96774291992188,1086400,1.3699644358777856,0.036071729223559994
2019-03-26,81.13999938964844,82.44000244140625,81.05999755859375,82.2699966430664,80.1267318725586,1247500,1.3706816106588366,0.03354640390623793
2019-03-27,82.38999938964844,82.63999938964844,80.86000061035156,81.31999969482422,79.20149230957031,1506400,1.3999185512758392,0.03323858509986397
2019-03-28,81.54000091552734,81.87999725341797,79.9800033569336,80.01000213623047,77.92562866210938,2509300,1.4356382187907346,0.03341580527236622
2019-03-29,80.7300033569336,81.30000305175781,80.30999755859375,80.75,78.6463394165039,2016100,1.425235554271921,0.031772009504255315
2019-04-01,82.3499984741211,83.79000091552734,82.02999877929688,83.66000366210938,81.48053741455078,1641900,1.5405759372187369,0.037741179035866775
2019-04-02,83.70999908447266,84.41999816894531,83.12000274658203,84.31999969482422,82.12333679199219,1117400,1.5233916147290614,0.036272832139710255
2019-04-03,84.9000015258789,86.44999694824219,84.9000015258789,85.72000122070312,83.48686981201172,2952400,1.566720588921126,0.036776842286306996
2019-04-04,85.79000091552734,86.63999938964844,85.51000213623047,86.19999694824219,83.95435333251953,1213600,1.5355260649566147,0.03637810526332159
2019-04-05,86.5,86.7300033569336,85.91000366210938,86.2699966430664,84.02253723144531,947100,1.4844170385185864,0.037430313918657775
2019-04-08,85.83999633789062,86.69999694824219,85.58999633789062,86.66999816894531,84.41212463378906,1048200,1.4576730079352276,0.03666700796613642
2019-04-09,86.30999755859375,86.55000305175781,85.13999938964844,85.30000305175781,83.07780456542969,970800,1.4628391344610596,0.03441694500611468
2019-04-10,85.30000305175781,86.23999786376953,84.86000061035156,86.08000183105469,83.83748626708984,757700,1.456921857243696,0.032381254449775326
2019-04-11,86.31999969482422,87.33000183105469,85.76000213623047,86.9000015258789,84.63612365722656,1006700,1.4649988456423046,0.03064523544612057
2019-04-12,87.68000030517578,88.19000244140625,87.16999816894531,87.94999694824219,85.65876770019531,1227500,1.452498993491236,0.029349136639331145
2019-04-15,88.02999877929688,88.11000061035156,87.02999877929688,87.55999755859375,85.27892303466797,768000,1.4258920533171968,0.029153265463238865
2019-04-16,87.9000015258789,88.69999694824219,87.72000122070312,88.66000366210938,86.35027313232422,859500,1.4054711487694285,0.028529525397848116
2019-04-17,89.33000183105469,89.77999877929688,88.69000244140625,89.0199966430664,86.70088958740234,1311200,1.3850800036564337,0.027948212520358593
2019-04-18,88.88999938964844,89.55999755859375,88.58999633789062,89.43000030517578,87.10020446777344,851400,1.3554315191597688,0.028069660518666186
2019-04-22,89.01000213623047,89.20999908447266,88.38999938964844,88.62999725341797,86.32105255126953,1006300,1.3329007617574526,0.02767402458178404
2019-04-23,88.62999725341797,89.83999633789062,88.41000366210938,89.80999755859375,87.4703140258789,1803700,1.3398358984734382,0.02619267544851272
2019-04-24,91.91000366210938,96.77999877929688,91.87999725341797,95.83000183105469,93.33348083496094,3193900,1.741990564346987,0.053047103336015304
2019-04-25,95.97000122070312,96.30999755859375,94.4000015258789,95.51000213623047,93.02181243896484,1753200,1.753990954944691,0.050115195283278784
2019-04-26,95.38999938964844,95.38999938964844,93.95999908447266,94.51000213623047,92.0478744506836,1299500,1.7394203904313426,0.047576293085426616
2019-04-29,94.7300033569336,94.91000366210938,93.68000030517578,94.20999908447266,91.75568389892578,1704600,1.7030334594672176,0.046777052933905064
2019-04-30,93.9000015258789,95.68000030517578,93.18000030517578,95.6500015258789,93.15817260742188,1481100,1.759959640933845,0.04750199068624237
2019-05-01,95.0,95.87999725341797,94.4000015258789,94.41000366210938,91.95047760009766,1704900,1.7399622185485033,0.04553737866474946
2019-05-02,94.55999755859375,95.2699966430664,94.01000213623047,94.51000213623047,92.0478744506836,1064900,1.7056788105690344,0.04473352361580085
2019-05-03,94.91999816894531,95.76000213623047,94.88999938964844,95.6500015258789,93.15817260742188,1126800,1.6731303240998177,0.04386316381961627
2019-05-06,93.77999877929688,94.27999877929688,92.97000122070312,93.75,91.30766296386719,1073700,1.7450496084623863,0.04586717242982715
2019-05-07,92.38999938964844,93.19000244140625,91.4000015258789,92.05000305175781,89.65196228027344,1141200,1.7882602417237226,0.0456774196320778
2019-05-08,91.73999786376953,92.13999938964844,91.08999633789062,91.13999938964844,88.76566314697266,1437600,1.735527585297586,0.04618136511736771
2019-05-09,90.01000213623047,90.9800033569336,89.41000366210938,90.88999938964844,88.52217102050781,899600,1.7351324526005487,0.04291091994448697
2019-05-10,90.54000091552734,91.37000274658203,89.47000122070312,90.91000366210938,88.5416488647461,918500,1.7469088149775742,0.04068702297538258
2019-05-13,88.81999969482422,89.44999694824219,87.83999633789062,88.13999938964844,85.84382629394531,1329000,1.8414158513519439,0.04453130964673879
2019-05-14,88.48999786376953,89.4800033569336,88.3499984741211,88.97000122070312,86.6521987915039,943800,1.8056007167757446,0.04390872571312882
2019-05-15,88.33999633789062,90.08000183105469,88.33999633789062,89.87999725341797,87.53848266601562,914400,1.8009153436606244,0.041107057670413914
2019-05-16,89.94000244140625,90.8499984741211,89.36000061035156,90.31999969482422,87.96702575683594,1058900,1.778706952239832,0.03975715293829809
2019-05-17,89.2699966430664,90.91000366210938,89.2699966430664,89.54000091552734,87.20735168457031,920100,1.7687998141543417,0.03762500902024039
2019-05-20,88.44999694824219,88.80000305175781,87.56999969482422,88.19000244140625,85.89251708984375,1130000,1.7831713431935405,0.0359640461644517
2019-05-21,88.5199966430664,89.76000213623047,88.5199966430664,89.2699966430664,86.94438171386719,1204600,1.7679447968814461,0.03448279617499761
2019-05-22,88.80000305175781,89.29000091552734,88.37999725341797,88.43000030517578,86.12625122070312,942200,1.7066632872548695,0.03639698999296754
2019-05-23,87.19000244140625,87.19000244140625,86.13999938964844,86.7300033569336,84.9122543334961,933300,1.7483302607029034,0.036773417382615144
2019-05-24,87.20999908447266,87.81999969482422,86.19000244140625,86.66999816894531,84.853515625,843900,1.7398779030396938,0.03475048454551475
2019-05-28,86.81999969482422,87.18000030517578,85.9000015258789,86.29000091552734,84.48148345947266,2300900,1.7070293942009211,0.03461462913789031
2019-05-29,86.0,87.05000305175781,85.75,86.25,84.44231414794922,1323900,1.6779560840264136,0.034218820640505826
2019-05-30,86.62999725341797,87.29000091552734,86.41000366210938,86.86000061035156,85.03953552246094,910700,1.6323878577050515,0.03502949247485271
2019-05-31,85.79000091552734,86.08999633789062,83.86000061035156,84.2300033569336,82.46465301513672,1916700,1.7300744392975478,0.039504998840398674
2019-06-03,84.83000183105469,85.86000061035156,84.69999694824219,85.26000213623047,83.47306823730469,1303900,1.7229260688775778,0.03719381109608234
2019-06-04,86.41000366210938,88.18000030517578,86.41000366210938,88.0999984741211,86.2535400390625,1110600,1.808431218882416,0.04064462101813633
2019-06-05,88.9800033569336,89.11000061035156,87.41999816894531,88.58999633789062,86.7332763671875,945400,1.7999720204912613,0.03834566225906622
2019-06-06,88.73999786376953,89.83000183105469,88.26000213623047,89.66000366210938,87.78085327148438,836700,1.7835454258007581,0.03678001457559743
2019-06-07,90.16999816894531,91.31999969482422,89.8499984741211,90.91000366210938,89.00465393066406,1037200,1.7747204691517644,0.034783224723697166
2019-06-10,91.72000122070312,93.11000061035156,91.44999694824219,91.51000213623047,89.59207153320312,681300,1.8050973605153662,0.034468486626547494
2019-06-11,92.19000244140625,92.77999877929688,91.13999938964844,91.30999755859375,89.3962631225586,1208500,1.7933046483105854,0.032848788453564155
2019-06-12,91.38999938964844,91.91000366210938,91.0,91.87000274658203,89.94452667236328,792400,1.7302117207247847,0.03500908410586677
2019-06-13,92.05999755859375,92.16000366210938,91.58000183105469,92.11000061035156,90.17948913574219,623900,1.648053871462635,0.03837685304560127
2019-06-14,91.87000274658203,91.87000274658203,90.05000305175781,90.66000366210938,88.75989532470703,710900,1.6774784205434288,0.037737402762400736
2019-06-17,90.38999938964844,90.81999969482422,88.36000061035156,90.45999908447266,88.56407928466797,996400,1.7333727536812307,0.03903432636064368
2019-06-18,90.97000122070312,92.77999877929688,90.68000030517578,92.70999908447266,90.76692199707031,1290900,1.775274678048587,0.03923915478969459
2019-06-19,93.01000213623047,93.45999908447266,92.66000366210938,93.37999725341797,91.42288208007812,894500,1.7056118740710653,0.04141227258882511
2019-06-20,95.0,96.01000213623047,94.5999984741211,95.94000244140625,93.92922973632812,1704100,1.771639946124025,0.04317054397912044
2019-06-21,95.77999877929688,96.0,94.9800033569336,95.19000244140625,93.1949462890625,1641800,1.7179511387627666,0.04392184850641601
2019-06-24,95.19999694824219,95.83999633789062,94.9000015258789,95.0,93.00892639160156,863000,1.6623828297091203,0.04475373854550389
2019-06-25,94.83999633789062,95.26000213623047,94.23999786376953,94.41000366210938,92.4312973022461,1100300,1.6164986470485359,0.04483448455372393
2019-06-26,94.91999816894531,95.95999908447266,94.81999969482422,95.16000366210938,93.16558074951172,943800,1.6117484167138747,0.04197132353807659
2019-06-27,95.44000244140625,95.91000366210938,94.9000015258789,95.16000366210938,93.16558074951172,1195400,1.5687665395364885,0.042043505940884414
2019-06-28,95.73999786376953,95.98999786376953,95.41000366210938,95.77999877929688,93.77257537841797,1196000,1.5159970868310364,0.04280964499549639
2019-07-01,97.0,97.98999786376953,96.77999877929688,97.3499984741211,95.30967712402344,1116100,1.565568658091152,0.04329263972868348
2019-07-02,97.4000015258789,97.4000015258789,95.87000274658203,96.08999633789062,94.0760726928711,1007700,1.5630279524629895,0.040381787292931993
2019-07-03,96.0,96.06999969482422,95.2300033569336,95.83999633789062,93.8313217163086,682600,1.5128111687839925,0.04108428703479378
2019-07-05,95.22000122070312,95.38999938964844,94.31999969482422,95.38999938964844,93.39075469970703,962700,1.513324416947022,0.038186355686810614
2019-07-08,94.63999938964844,94.9000015258789,93.58999633789062,94.19999694824219,92.22569274902344,1184400,1.53380146229065,0.03692140494801186
2019-07-09,93.7699966430664,94.1500015258789,93.55999755859375,93.98999786376953,92.02009582519531,1321000,1.4699584571019206,0.03884437639377739
2019-07-10,94.2300033569336,94.94000244140625,93.6500015258789,93.75,91.78512573242188,736300,1.457104346989451,0.03698792880225542
2019-07-11,94.16000366210938,94.16000366210938,92.4800033569336,92.69000244140625,90.74734497070312,1516600,1.473025486859903,0.035483158164269474
2019-07-12,93.30000305175781,94.58000183105469,92.79000091552734,94.44000244140625,92.46065521240234,1619900,1.502809337059084,0.03507606473819173
2019-07-15,94.38999938964844,94.66999816894531,93.47000122070312,93.5199966430664,91.55994415283203,1012400,1.48117988071502,0.03411559271003974
2019-07-16,92.16999816894531,92.16999816894531,90.04000091552734,90.05000305175781,88.16267395019531,1865300,1.6239524412024515,0.04187680469413916
2019-07-17,90.0,90.0,88.08999633789062,88.22000122070312,86.37102508544922,2764300,1.6479563178213612,0.04060016697447991
2019-07-18,88.25,88.8499984741211,87.05000305175781,88.75,86.8899154663086,1794000,1.65881625386007,0.03847586476478197
2019-07-19,89.20999908447266,89.83000183105469,88.33000183105469,88.70999908447266,86.85075378417969,1131900,1.6474722357272078,0.03653787571964484
2019-07-22,89.23999786376953,89.98999786376953,89.23999786376953,89.47000122070312,87.5948257446289,1170300,1.6212241316964697,0.03580289202758007
2019-07-23,89.95999908447266,91.25,89.5,91.19999694824219,89.28856658935547,1562700,1.6325651779536414,0.03405561732969376
2019-07-24,89.4000015258789,92.6500015258789,89.12000274658203,91.37999725341797,89.46479797363281,2347900,1.768096149478158,0.041303856915038246
2019-07-25,90.3499984741211,91.95999908447266,89.55999755859375,91.94999694824219,90.02284240722656,2258200,1.8132322477924971,0.04157758844355974
2019-07-26,91.94999694824219,93.80999755859375,91.81999969482422,93.6500015258789,91.68722534179688,2193600,1.825858363219428,0.039509626085229115
2019-07-29,93.4000015258789,94.47000122070312,93.11000061035156,94.01000213623047,92.03968048095703,2119000,1.792582809443152,0.03906433520601819
2019-07-30,93.16999816894531,94.2699966430664,92.94000244140625,93.3499984741211,91.39351654052734,2568200,1.759540766030081,0.03863417150652195
2019-07-31,93.52999877929688,93.52999877929688,91.13999938964844,92.4000015258789,90.46342468261719,2202900,1.8045735248599635,0.039091213458190555
2019-08-01,92.12000274658203,93.56999969482422,90.6500015258789,90.9800033569336,89.07318115234375,2113900,1.8842467137232026,0.041989925987122596
2019-08-02,90.5,90.94999694824219,89.41999816894531,90.30999755859375,88.41722106933594,1873800,1.8610866047421368,0.04064493905811854
2019-08-05,88.9000015258789,89.26000213623047,87.12000274658203,87.68000030517578,85.84235382080078,2766800,1.9560086195471071,0.044521873040036526
2019-08-06,88.4800033569336,89.23999786376953,87.76000213623047,88.61000061035156,86.75285339355469,1679700,1.927722115193296,0.04336220384816329
2019-08-07,87.33000183105469,89.01000213623047,87.1500015258789,88.88999938964844,87.02698516845703,1160200,1.922884864847458,0.04061042145514006
2019-08-08,89.45999908447266,90.41999816894531,88.93000030517578,90.22000122070312,88.32910919189453,1314000,1.8948215730224163,0.03971419791013303
2019-08-09,90.0,90.44000244140625,89.20999908447266,89.7699966430664,87.88853454589844,1014300,1.8473345575875002,0.040269399161903245
2019-08-12,89.26000213623047,89.33000183105469,87.87999725341797,88.16999816894531,86.32206726074219,1185600,1.850382045591853,0.03761069122207821
2019-08-13,88.1500015258789,90.73999786376953,87.62000274658203,89.77999877929688,87.89833068847656,838500,1.9410686935629706,0.04140183098986675
2019-08-14,88.5999984741211,88.88999938964844,87.61000061035156,87.98999786376953,86.14584350585938,1915300,1.9574207989474235,0.03961256487519433
2019-08-15,87.91999816894531,88.04000091552734,86.55000305175781,87.29000091552734,85.46051788330078,1329300,1.9240334464347169,0.039167906849302346
2019-08-16,88.08000183105469,90.06999969482422,87.62999725341797,89.98999786376953,88.10392761230469,973700,1.9851738273534425,0.04073736928283258
2019-08-19,91.0,91.62999725341797,90.8499984741211,90.91000366210938,89.00465393066406,930700,1.9605185103745135,0.03958865126112517
2019-08-20,90.9000015258789,90.9000015258789,89.93000030517578,90.0999984741211,88.21161651611328,1101200,1.890481713700162,0.041763518790641344
2019-08-21,91.25,91.27999877929688,90.12999725341797,90.8499984741211,88.9458999633789,699300,1.8397330416627062,0.042405315451128085
2019-08-22,90.91999816894531,91.37000274658203,90.4800033569336,90.7300033569336,89.28047943115234,897200,1.771894923661687,0.044221944204691735
2019-08-23,89.7300033569336,90.91999816894531,88.69999694824219,89.29000091552734,87.86347961425781,2050400,1.803902516307504,0.04334949052191497
2019-08-26,90.0,90.31999969482422,88.08000183105469,88.94999694824219,87.5289077758789,1558500,1.8350521839833631,0.04247807460433955
2019-08-27,89.5999984741211,89.77999877929688,89.05999755859375,89.66000366210938,88.22757720947266,1150900,1.7632628730598863,0.04457173434142079
2019-08-28,89.0999984741211,89.79000091552734,88.61000061035156,89.18000030517578,87.75523376464844,1355800,1.7216012610681644,0.044363868459299446
2019-08-29,90.55999755859375,92.38999938964844,90.27999877929688,91.83000183105469,90.36289978027344,1670400,1.8279153913113422,0.0487888871581479
2019-08-30,92.41999816894531,92.63999938964844,91.13999938964844,91.22000122070312,89.76264953613281,2363300,1.804492863360532,0.04697700435762379
2019-09-03,90.23999786376953,90.37999725341797,88.0199966430664,89.05000305175781,87.6273193359375,1708200,1.9041722715231166,0.05074146177226385
2019-09-04,89.77999877929688,91.1500015258789,89.77999877929688,90.94000244140625,89.48712158203125,1662900,1.9181598574229721,0.04811618492423469
2019-09-05,92.11000061035156,94.93000030517578,91.94000244140625,94.51000213623047,93.00008392333984,1273400,2.0661482864477265,0.055249916645700385
2019-09-06,94.73999786376953,95.0999984741211,94.0199966430664,94.8499984741211,93.33464813232422,816500,1.9957092539196524,0.056334853494441374
2019-09-09,94.98999786376953,95.16000366210938,94.30000305175781,95.08999633789062,93.57080841064453,748200,1.9145872079505033,0.05810536724263478
2019-09-10,94.87000274658203,95.76000213623047,94.2699966430664,95.76000213623047,94.23011016845703,776400,1.8842599426086148,0.05612121710686718
2019-09-11,95.5,96.0,94.80999755859375,95.98999786376953,94.45643615722656,1747500,1.83467012109416,0.0556546888502663
2019-09-12,96.58000183105469,97.73999786376953,96.25,97.0,95.45030212402344,1154700,1.8286222553017202,0.052111344346135846
2019-09-13,97.0,97.48999786376953,96.63999938964844,96.69000244140625,95.14525604248047,1036600,1.7587205566459612,0.05338208393968036
2019-09-16,96.16000366210938,96.16000366210938,95.02999877929688,95.0999984741211,93.58065032958984,1148500,1.7516693498933478,0.050072735569175575
2019-09-17,94.62000274658203,94.69999694824219,93.51000213623047,94.55000305175781,93.0394515991211,2598000,1.740121277607439,0.047320973906085084
2019-09-18,94.62000274658203,95.27999877929688,94.0199966430664,94.7300033569336,93.2165756225586,1198400,1.7058270532233697,0.04639049179736968
2019-09-19,94.83999633789062,95.66000366210938,94.37000274658203,94.37999725341797,92.87216186523438,937100,1.676125186245082,0.04519844716743525
2019-09-20,94.93000030517578,94.97000122070312,93.16999816894531,93.18000030517578,91.69132995605469,1356600,1.6849736052102773,0.04260201658156095
2019-09-23,91.16000366210938,92.12999725341797,91.16000366210938,91.56999969482422,90.10704803466797,1664200,1.7089038222000006,0.0412683166107154
2019-09-24,92.18000030517578,92.18000030517578,91.0199966430664,91.37999725341797,89.92008972167969,2373600,1.669696667907813,0.04112109073082056
2019-09-25,91.58999633789062,92.83999633789062,91.13999938964844,92.66000366210938,91.17964172363281,1493600,1.6718609736459824,0.03833846323134549
2019-09-26,92.54000091552734,93.36000061035156,92.19000244140625,93.08999633789062,91.6027603149414,1262600,1.6360136304530772,0.03816052608574261
2019-09-27,93.80999755859375,93.9800033569336,92.47000122070312,92.70999908447266,91.22884368896484,638600,1.6270128094371767,0.036077690009325314
2019-09-30,93.3499984741211,93.80999755859375,92.94999694824219,93.18000030517578,91.69132995605469,1156800,1.589368928343171,0.03618956080108821
2019-10-01,93.91999816894531,94.27999877929688,91.5,91.52999877929688,90.06768798828125,1172600,1.674413917697007,0.039679234269141626
2019-10-02,90.97000122070312,91.26000213623047,88.3499984741211,89.01000213623047,87.58795928955078,1380800,1.7819558025169193,0.04452656645133953
2019-10-03,89.05000305175781,89.5999984741211,88.01000213623047,89.36000061035156,87.93235778808594,1176100,1.7682444121864695,0.04232548244270455
2019-10-04,89.66000366210938,89.93000030517578,89.2300033569336,89.88999938964844,88.45388793945312,1061100,1.6919410219047353,0.0447524758597781
2019-10-07,89.6500015258789,90.16999816894531,88.38999938964844,88.5,87.08610534667969,1612900,1.6982308617184594,0.042005144713631384
2019-10-08,87.70999908447266,87.83000183105469,85.47000122070312,85.52999877929688,84.1635513305664,1911200,1.793357141545489,0.045799511507445545
2019-10-09,85.0199966430664,87.45999908447266,85.0199966430664,87.12000274658203,85.7281494140625,2047100,1.8395460915355435,0.045827328541917615
2019-10-10,87.20999908447266,89.08999633789062,87.06999969482422,88.06999969482422,86.6629638671875,1030900,1.8524354166448909,0.04347461401101974
2019-10-11,89.43000030517578,91.23999786376953,89.16999816894531,90.1500015258789,88.7097396850586,1041000,1.9465470418092068,0.047091543379112324
2019-10-14,89.76000213623047,90.48999786376953,89.6500015258789,90.41999816894531,88.97542572021484,632400,1.8675077058150225,0.04937352856590318
2019-10-15,90.41999816894531,92.08000183105469,90.19999694824219,92.0199966430664,90.54986572265625,959000,1.8684003613148423,0.04591060906118294
2019-10-16,91.73999786376953,93.22000122070312,91.73999786376953,92.63999938964844,91.15995788574219,1267000,1.840657718144753,0.04461289721181911
2019-10-17,93.0,93.25,92.2300033569336,93.0,91.51420593261719,1183000,1.782039069924871,0.045613307998109316
2019-10-18,92.61000061035156,93.20999908447266,92.37000274658203,92.80999755859375,91.32723999023438,930000,1.7147503033509963,0.04716155503923541
2019-10-21,93.69999694824219,94.13999938964844,93.4800033569336,93.7699966430664,92.27190399169922,648800,1.6872682696155457,0.04575587494610793
2019-10-22,93.62000274658203,94.77999877929688,93.08000183105469,93.91999816894531,92.41950988769531,804700,1.68817746094602,0.04255254040213411
2019-10-23,93.51000213623047,93.97000122070312,93.12000274658203,93.54000091552734,92.04558563232422,1018400,1.6283075333156682,0.04378949663272109
2019-10-24,94.48999786376953,94.52999877929688,93.6500015258789,93.87999725341797,92.38014221191406,1138000,1.5827139854909442,0.04391835743214987
2019-10-25,94.0,94.44999694824219,93.61000061035156,94.0999984741211,92.59662628173828,1678900,1.5296627249480643,0.04457070765434488
2019-10-28,94.51000213623047,95.16999816894531,94.30000305175781,94.55999755859375,93.04927825927734,2050500,1.4968296513677897,0.04373230522048272
2019-10-29,94.44999694824219,95.45999908447266,94.26000213623047,94.43000030517578,92.92135620117188,1583900,1.4756273154302466,0.042123021700272746
2019-10-30,91.0,93.58000183105469,87.93000030517578,90.1500015258789,88.7097396850586,2818500,1.8345110786138004,0.06474878894907853
2019-10-31,89.91000366210938,90.1500015258789,88.37999725341797,89.5,88.07012176513672,2527900,1.8299034496028814,0.060452991810638554
2019-11-01,90.33999633789062,91.55000305175781,89.86000061035156,91.5199966430664,90.05784606933594,1624500,1.845624849756805,0.0572578781208732
2019-11-04,92.5999984741211,94.69999694824219,92.0,94.44999694824219,92.9410400390625,1914000,1.940937382286732,0.059976067721519886
2019-11-05,94.62999725341797,94.98999786376953,94.23999786376953,94.55999755859375,93.04927825927734,1194000,1.8558704264091084,0.06176827401838443
2019-11-06,94.7699966430664,94.7699966430664,93.12000274658203,93.94000244140625,92.43919372558594,1493400,1.8411649599859132,0.05840664490444234
2019-11-07,94.88999938964844,94.88999938964844,93.91000366210938,94.01000213623047,92.50807189941406,1305300,1.7796528719539955,0.05862846227069059
2019-11-08,93.61000061035156,94.01000213623047,93.3499984741211,93.9000015258789,92.39983367919922,901300,1.6996779283936654,0.06015321093423626
2019-11-11,93.27999877929688,94.02999877929688,93.23999786376953,93.62999725341797,92.13414001464844,592400,1.6347009989032137,0.06049776225968022
2019-11-12,93.9800033569336,94.12999725341797,92.8499984741211,93.18000030517578,91.69132995605469,1112300,1.6093651260741895,0.05798619872891908
2019-11-13,93.0,93.77999877929688,92.4000015258789,93.63999938964844,92.14398193359375,1128800,1.5929817065987453,0.05501457163938516
2019-11-14,93.47000122070312,93.83000183105469,92.87000274658203,92.9000015258789,91.41580200195312,693300,1.5477686621611675,0.054314462553541776
2019-11-15,93.69000244140625,93.69000244140625,92.93000030517578,93.0999984741211,91.61260223388672,1278300,1.493642394544466,0.05430102005805319
2019-11-18,93.02999877929688,93.04000091552734,91.56999969482422,92.44999694824219,90.97299194335938,1813100,1.496239279169638,0.05060786752713311
2019-11-19,92.91999816894531,92.91999816894531,91.77999877929688,92.5999984741211,91.12059783935547,1342900,1.4707935727752663,0.04881057030336443
2019-11-20,92.47000122070312,92.70999908447266,91.3499984741211,91.83000183105469,90.36289978027344,972100,1.4628797897450017,0.04588937121242873
2019-11-21,91.37000274658203,91.47000122070312,90.54000091552734,90.8499984741211,89.84862518310547,1176500,1.4505312987294547,0.04349359405550861
2019-11-22,91.5999984741211,91.8499984741211,90.51000213623047,90.58999633789062,89.59149169921875,817100,1.442635944383824,0.040950862647660194
2019-11-25,91.13999938964844,93.19999694824219,90.68000030517578,93.12999725341797,92.1034927368164,1438500,1.526019134810091,0.04398174320327498
2019-11-26,93.4000015258789,93.48999786376953,92.55999755859375,93.30000305175781,92.2716293334961,2026100,1.4834463612647835,0.043881102513420166
2019-11-27,93.45999908447266,93.87999725341797,92.69999694824219,93.41000366210938,92.38040924072266,1131000,1.461771642972712,0.042294932211895266
2019-11-29,93.3499984741211,93.4000015258789,92.55000305175781,92.70999908447266,91.68812561035156,575300,1.418787997785487,0.042344125995847394
2019-12-02,92.6500015258789,92.83999633789062,90.8499984741211,90.95999908447266,89.95741271972656,1442300,1.459588702498633,0.04223388161851158
2019-12-03,89.83999633789062,89.87999725341797,89.04000091552734,89.58999633789062,88.6025161743164,1369400,1.49247509295911,0.04156620367865198
2019-12-04,90.58000183105469,91.79000091552734,90.44999694824219,90.5,89.50248718261719,1039500,1.5430129132932249,0.04220703343975647
2019-12-05,90.83000183105469,91.30999755859375,90.01000213623047,91.1500015258789,90.14532470703125,1616400,1.5256545210839432,0.04043213049472256
2019-12-06,92.01000213623047,92.9800033569336,92.01000213623047,92.1500015258789,91.1343002319336,1216500,1.547393614653282,0.03909691357148087
2019-12-09,92.0,92.06999969482422,91.11000061035156,91.55999755859375,90.55079650878906,2218800,1.5111512790014294,0.03889301514865028
2019-12-10,91.7300033569336,92.26000213623047,91.33999633789062,91.52999877929688,90.52113342285156,1210400,1.4689266018113163,0.03913099100875477
2019-12-11,92.05000305175781,93.23999786376953,91.79000091552734,93.1500015258789,92.12327575683594,963200,1.486146064858555,0.03756588186864648
2019-12-12,92.95999908447266,94.7300033569336,92.81999969482422,94.44999694824219,93.40894317626953,1448000,1.516421607519328,0.037045143353798375
2019-12-13,94.9800033569336,95.83000183105469,93.9000015258789,94.0,92.96391296386719,1172300,1.5459629430662176,0.03650915708187632
2019-12-16,94.4800033569336,96.0999984741211,94.4800033569336,95.20999908447266,94.16056823730469,1036400,1.5855369095701375,0.03672807204059371
2019-12-17,95.66000366210938,95.95999908447266,95.2699966430664,95.44999694824219,94.39791870117188,1189500,1.525855701743699,0.03836758173958261
2019-12-18,96.01000213623047,96.01000213623047,94.58000183105469,95.51000213623047,94.45726776123047,1685600,1.5190088877031336,0.03611609833250996
2019-12-19,95.16999816894531,95.5199966430664,94.91999816894531,95.41000366210938,94.3583755493164,1107200,1.4533652867329878,0.03822520566376967
2019-12-20,95.69999694824219,96.02999877929688,95.36000061035156,95.91999816894531,94.86274719238281,2548900,1.3974104926052966,0.03949160483976406
2019-12-23,96.11000061035156,96.12000274658203,95.05999755859375,95.08000183105469,94.03201293945312,964600,1.373310113704081,0.03839223155843917
2019-12-24,95.13999938964844,95.25,94.73999786376953,95.19999694824219,94.15068054199219,338600,1.3116452581702516,0.04005456184239563
2019-12-26,95.5,95.5,94.75,95.30999755859375,94.25946807861328,970800,1.2715277397295193,0.04005905874227682
2019-12-27,95.88999938964844,95.97000122070312,95.29000091552734,95.51000213623047,94.45726776123047,643800,1.229275780118538,0.04021569451861284
2019-12-30,95.69999694824219,95.7699966430664,94.94999694824219,95.58000183105469,94.52649688720703,1006500,1.2000417740260867,0.039431288202458455
2019-12-31,95.30999755859375,95.87999725341797,95.08000183105469,95.83999633789062,94.78362274169922,1599300,1.1714670346216007,0.03865582043117471
2020-01-02,96.8499984741211,97.08999633789062,95.73999786376953,96.51000213623047,95.44624328613281,1866500,1.184219280300136,0.03680556509170046
2020-01-03,94.95999908447266,95.56999969482422,94.55000305175781,95.37000274658203,94.31881713867188,1439800,1.239632123455316,0.038134656381949
2020-01-06,94.80000305175781,95.2699966430664,94.44000244140625,94.70999908447266,93.66608428955078,1150100,1.217515565006778,0.03699050652956252
2020-01-07,94.37999725341797,96.83999633789062,93.87999725341797,96.66999816894531,95.60447692871094,2103400,1.341978673540055,0.04323854952982784
2020-01-08,96.95999908447266,98.16000366210938,96.86000061035156,97.66999816894531,96.59346008300781,2001000,1.3525520177989125,0.0409053205819014
2020-01-09,98.0999984741211,98.30999755859375,97.2699966430664,97.7699966430664,96.69234466552734,1254000,1.330226939065229,0.03957816044988583
2020-01-10,97.91999816894531,98.2300033569336,97.69000244140625,98.06999969482422,96.98905181884766,1528700,1.2737822230982372,0.040782914415393404
2020-01-13,98.20999908447266,98.20999908447266,97.25,97.91999816894531,96.8406982421875,1225400,1.2513691417678385,0.03947078348075093
2020-01-14,98.80000305175781,100.77999877929688,98.55999755859375,100.31999969482422,99.21424865722656,2502100,1.3662713895238188,0.044858745214695885
2020-01-15,99.68000030517578,99.91000366210938,98.61000061035156,98.83999633789062,97.75055694580078,1275400,1.39082336773445,0.043408261857262695
2020-01-16,99.4000015258789,99.5199966430664,98.62999725341797,99.5,98.40328216552734,1395800,1.3550502264425919,0.04286289610259093
2020-01-17,99.58000183105469,100.25,99.33999633789062,100.18000030517578,99.07579040527344,1709700,1.3232611861330763,0.04207190640308555
2020-01-21,100.58000183105469,100.68000030517578,99.33999633789062,99.5,98.40328216552734,2620000,1.3244570990725106,0.03915219258425332
2020-01-22,99.83000183105469,100.26000213623047,98.94999694824219,98.94999694824219,97.85934448242188,1464400,1.3234248197093514,0.03642934163988946
2020-01-23,98.30999755859375,100.41999816894531,97.77999877929688,100.37000274658203,99.26370239257812,1728000,1.4174658604192862,0.040544463002035555
2020-01-24,101.0,101.0,98.1500015258789,98.4000015258789,97.31541442871094,1794800,1.519789618540844,0.044957269796287135
2020-01-27,96.6500015258789,97.56999969482422,96.33000183105469,96.83999633789062,95.77259826660156,2012000,1.559090338275371,0.044553230506161404
2020-01-28,97.54000091552734,98.23999786376953,96.6500015258789,98.0999984741211,97.01871490478516,2131100,1.5612979096764605,0.04152854057008485
2020-01-29,99.29000091552734,100.9000015258789,97.86000061035156,98.06999969482422,96.98905181884766,2735800,1.6669195529515235,0.046106619334726144
2020-01-30,97.16999816894531,97.47000122070312,93.88999938964844,95.81999969482422,94.76384735107422,2750900,1.8464253209675419,0.055635129954818445
2020-01-31,95.30000305175781,95.66000366210938,91.81999969482422,92.18000030517578,91.16397094726562,1949400,2.0002520837555746,0.06264881801433375
2020-02-03,92.88999938964844,94.20999908447266,92.5999984741211,94.0,92.96391296386719,2355600,2.0023768477228105,0.05832567129668391
2020-02-04,95.70999908447266,96.5999984741211,94.58000183105469,95.33000183105469,94.27925109863281,2109900,2.0450641067512594,0.057208641848952836
2020-02-05,96.04000091552734,97.0199966430664,95.62000274658203,96.95999908447266,95.89128112792969,2134500,2.0197020142698636,0.05493388832269876
2020-02-06,97.08999633789062,97.4800033569336,94.55000305175781,94.62999725341797,93.58695983886719,1505600,2.0847233207631435,0.05565441819202598
2020-02-07,93.91000366210938,93.91000366210938,92.4800033569336,93.22000122070312,92.1925048828125,1583600,2.0893855047432313,0.05201211574831611
2020-02-10,92.66000366210938,93.37000274658203,91.95999908447266,93.18000030517578,92.15294647216797,1226900,2.0408582302693845,0.05176319851442544
2020-02-11,93.7300033569336,95.11000061035156,93.41999816894531,93.44999694824219,92.41996765136719,1530400,2.032939807048413,0.04863142885060732
2020-02-12,94.38999938964844,94.97000122070312,93.69000244140625,94.91999816894531,93.87376403808594,1971600,1.996301554577879,0.04777477339488778
2020-02-13,94.47000122070312,94.98999786376953,93.7699966430664,94.54000091552734,93.49795532226562,1610000,1.9408515307296823,0.04832300557012414
2020-02-14,94.55999755859375,94.9000015258789,92.75,93.30000305175781,92.2716293334961,1433900,1.955790816097484,0.045938454127101104
2020-02-18,92.73999786376953,92.87000274658203,91.41999816894531,91.9800033569336,90.96617889404297,1651400,1.9503775351485564,0.043043798900088706
2020-02-19,92.47000122070312,93.75,92.08999633789062,93.37999725341797,92.35074615478516,1147000,1.937493185714117,0.04088955250968518
2020-02-20,92.3499984741211,93.55999755859375,92.05000305175781,92.91999816894531,92.35073852539062,987800,1.9069575657942472,0.04014998589612694
2020-02-21,92.04000091552734,92.62999725341797,90.9000015258789,91.7300033569336,91.16803741455078,1363000,1.9150317855994015,0.03785885974677174
2020-02-24,88.91000366210938,89.18000030517578,87.2699966430664,88.08999633789062,87.55032348632812,1914600,2.0968157090471005,0.048139221439695117
2020-02-25,89.0,89.0199966430664,86.0199966430664,86.3499984741211,85.82099151611328,2510800,2.1613288726865933,0.04930878873968068
2020-02-26,86.94000244140625,88.7300033569336,86.1500015258789,86.16000366210938,85.63215637207031,2286400,2.1912340839986,0.047922818923418264
2020-02-27,84.19000244140625,86.26000213623047,83.12000274658203,83.19000244140625,82.68035125732422,2269600,2.25900303440216,0.049340399743428374
2020-02-28,80.43000030517578,83.08000183105469,78.83000183105469,82.87000274658203,82.36231231689453,3458300,2.4090742898271174,0.05653546086353758
2020-03-02,83.62000274658203,85.36000061035156,81.55000305175781,85.3499984741211,84.82711791992188,2015200,2.5091402375961627,0.05964478135678813
2020-03-03,85.13999938964844,86.4800033569336,82.30000305175781,83.0,82.49151611328125,2237700,2.628487385280421,0.06390923609446458
2020-03-04,84.08999633789062,85.83000183105469,83.01000213623047,85.80000305175781,85.27436065673828,1645500,2.6428812742642975,0.06037242558656543
2020-03-05,82.94000244140625,83.4000015258789,81.0,81.37000274658203,80.87150573730469,2027400,2.79696140122812,0.06706583282779809
2020-03-06,77.6500015258789,79.86000061035156,77.2300033569336,78.69000244140625,78.20792388916016,2955800,2.8928926861152857,0.06912765083203862
2020-03-09,72.87999725341797,75.69999694824219,72.01000213623047,74.13999938964844,73.685791015625,3217500,3.163400373191035,0.08351193913516083
2020-03-10,76.77999877929688,79.01000213623047,75.08999633789062,78.69999694824219,78.21785736083984,2747700,3.2853005427189634,0.08625395559178707
2020-03-11,76.12000274658203,76.4000015258789,72.05999755859375,72.98999786376953,72.54283905029297,2831400,3.5249218889282115,0.09720876920732
2020-03-12,67.69000244140625,74.93000030517578,65.0999984741211,67.5999984741211,67.18585968017578,3878400,3.9752847419372452,0.1224340609074424
2020-03-13,71.22000122070312,72.6500015258789,65.47000122070312,70.20999908447266,69.77986907958984,4747800,4.2041929964542835,0.13003936045098494
2020-03-16,56.16999816894531,66.58999633789062,56.130001068115234,60.939998626708984,60.56665802001953,5085700,4.909607640733079,0.1711375950101143
2020-03-17,62.279998779296875,65.91000366210938,54.7400016784668,63.060001373291016,62.673675537109375,6009000,5.356778665226615,0.19085426854464443
2020-03-18,58.290000915527344,61.29999923706055,49.970001220703125,53.08000183105469,52.75481414794922,5309800,5.909151628609564,0.21667703246166617
2020-03-19,52.619998931884766,56.36000061035156,48.619998931884766,54.599998474121094,54.265499114990234,4333700,6.039926632170795,0.21054117325449223
2020-03-20,55.810001373291016,56.869998931884766,52.310001373291016,55.560001373291016,55.21962356567383,4068000,5.934217412629578,0.2030531765606869
2020-03-23,53.93000030517578,56.349998474121094,53.310001373291016,54.66999816894531,54.3350715637207,3602000,5.727487390358185,0.20331580839716587
2020-03-24,57.599998474121094,60.959999084472656,57.02000045776367,60.560001373291016,60.18899154663086,3292900,5.767666927870268,0.19166321761965996
2020-03-25,60.7400016784668,67.38999938964844,60.20000076293945,63.4900016784668,63.10103988647461,2708800,5.869262049215891,0.18522978217151448
2020-03-26,63.63999938964844,68.44999694824219,63.029998779296875,68.19999694824219,67.78218078613281,2705100,5.837171772053707,0.17429124609941946
2020-03-27,65.2300033569336,66.33000183105469,62.279998779296875,62.779998779296875,62.3953857421875,2018700,5.84308794326025,0.1622644550356426
2020-03-30,62.63999938964844,64.13999938964844,61.84000015258789,63.720001220703125,63.32963180541992,1610400,5.5900101785317,0.16875112001370743
2020-03-31,63.11000061035156,64.2699966430664,62.04999923706055,62.97999954223633,62.59416198730469,2138400,5.3492949804941405,0.17389141130112543
2020-04-01,60.310001373291016,61.939998626708984,58.709999084472656,59.119998931884766,58.757808685302734,2559700,5.272202514584821,0.16697720091599644
2020-04-02,59.060001373291016,61.02000045776367,57.939998626708984,58.9900016784668,58.62860870361328,2410900,5.115616751475526,0.16623495535837488
2020-04-03,59.119998931884766,61.130001068115234,57.529998779296875,58.689998626708984,58.3304443359375,2125400,5.007358575571443,0.1620937568259255
2020-04-06,61.47999954223633,66.1500015258789,61.47999954223633,65.62000274658203,65.2179946899414,2107500,5.182547455828477,0.1630291227852904
2020-04-07,68.33000183105469,69.47000122070312,64.87000274658203,65.04000091552734,64.64154052734375,2190700,5.14093681427795,0.15435637412566441
2020-04-08,65.95999908447266,69.91999816894531,65.55999755859375,69.05999755859375,68.63690948486328,1580700,5.122298274216523,0.144662243121076
2020-04-09,69.5999984741211,72.2699966430664,69.2699966430664,71.16999816894531,70.7339859008789,3026200,4.985705474949104,0.1440858542743862
2020-04-13,70.94999694824219,71.19000244140625,68.5999984741211,69.12000274658203,68.69654846191406,1898100,4.814583938687393,0.14601697441633796
2020-04-14,70.44000244140625,71.93000030517578,69.7300033569336,69.97000122070312,69.54134368896484,1649400,4.671399197252133,0.14581467206054669
2020-04-15,67.5199966430664,68.45999908447266,64.80000305175781,65.41000366210938,65.00927734375,2001600,4.707013409515931,0.13794321064649323
2020-04-16,65.87999725341797,66.0999984741211,62.880001068115234,63.65999984741211,63.269996643066406,2623500,4.600797980693784,0.13567694051618281
2020-04-17,65.2300033569336,68.18000030517578,65.05000305175781,67.44000244140625,67.02684020996094,4389900,4.595026729055919,0.12639796273916012
2020-04-20,66.04000091552734,67.8499984741211,64.79000091552734,66.58000183105469,66.17211151123047,2251900,4.48538178830862,0.12520131831116998
2020-04-21,64.9800033569336,66.30999755859375,63.54999923706055,64.55000305175781,64.15454864501953,2397400,4.381426131571872,0.12368377105585417
2020-04-22,66.52999877929688,67.5199966430664,65.76000213623047,67.27999877929688,66.8678207397461,1748900,4.280609521553067,0.12205040241035067
2020-04-23,67.5199966430664,69.0999984741211,67.48999786376953,68.1500015258789,67.73249053955078,2137200,4.10485167678672,0.12588664829292182
2020-04-24,68.76000213623047,70.61000061035156,68.48999786376953,70.1500015258789,69.7202377319336,1887500,3.987362205907144,0.12528684990625427
2020-04-27,70.63999938964844,73.79000091552734,70.55000305175781,73.47000122070312,73.0198974609375,1972100,3.962550576174379,0.11811004846529073
2020-04-28,78.54000091552734,79.83000183105469,73.19999694824219,73.6500015258789,73.19879913330078,3449900,4.15308302664853,0.12328307718020932
2020-04-29,76.04000091552734,78.5199966430664,75.41999816894531,78.37999725341797,77.89981079101562,2743200,4.2042910331156,0.11813485784355648
2020-04-30,77.01000213623047,77.01000213623047,73.4000015258789,73.45999908447266,73.00995635986328,2241300,4.259698511288704,0.11365433072423849
2020-05-01,71.55999755859375,71.69000244140625,70.02999877929688,70.58000183105469,70.1476058959961,1510200,4.20043435370921,0.10976931835675674
2020-05-04,70.06999969482422,70.55000305175781,68.4800033569336,69.45999908447266,69.03446197509766,1256200,4.050403219452916,0.11264516234958086
2020-05-05,70.4000015258789,71.94000244140625,70.23999786376953,70.81999969482422,70.3861312866211,1634000,3.938231800701536,0.11261132352113792
2020-05-06,71.05999755859375,72.19999694824219,69.80999755859375,71.83000183105469,71.38994598388672,1249000,3.8276437713406004,0.11246680250969489
2020-05-07,72.9000015258789,74.52999877929688,72.75,73.31999969482422,72.87081909179688,1259600,3.747097569690714,0.11018675959113715
2020-05-08,74.66999816894531,77.16999816894531,74.41000366210938,76.75,76.27980041503906,1668100,3.754447634292884,0.1028412813776395
2020-05-11,75.55999755859375,75.87999725341797,74.08000183105469,74.61000061035156,74.15291595458984,1399200,3.676986958196629,0.10102838100039772
2020-05-12,74.55999755859375,74.66000366210938,71.38999938964844,71.41000366210938,70.97251892089844,1358800,3.647916766358365,0.09588851034595959
2020-05-13,70.7300033569336,71.4000015258789,68.20999908447266,68.75,68.32881164550781,1082800,3.615923038592533,0.0913245973045219
2020-05-14,67.86000061035156,69.98999786376953,66.61000061035156,69.8499984741211,69.42207336425781,2054000,3.5990711967943496,0.08600511476835489
2020-05-15,69.12999725341797,70.25,68.81999969482422,70.04000091552734,69.61090850830078,3278900,3.4441375616787373,0.0909285805074447
2020-05-18,72.83999633789062,76.62000274658203,72.56999969482422,76.2699966430664,75.80274200439453,1640200,3.6681278666341623,0.10043298939658617
2020-05-19,76.44999694824219,77.76000213623047,75.44000244140625,76.37000274658203,75.90213012695312,1540100,3.571832997219166,0.10013740939790118
2020-05-20,77.58999633789062,79.37000274658203,77.37000274658203,78.3499984741211,77.87000274658203,2286000,3.530987783132083,0.09590225258998561
2020-05-21,77.4000015258789,78.1500015258789,76.12000274658203,76.29000091552734,76.29000091552734,1531900,3.438059779161153,0.09568980626005306
2020-05-22,76.33999633789062,76.68000030517578,74.9000015258789,76.2300033569336,76.2300033569336,1186300,3.319626850599419,0.09731431499588741
2020-05-26,79.2699966430664,81.20999908447266,78.73999786376953,80.62000274658203,80.62000274658203,1729600,3.4382246275236787,0.09883456227648545
2020-05-27,81.91999816894531,83.31999969482422,80.58000183105469,83.22000122070312,83.22000122070312,1740600,3.3883512872555253,0.09533733213303316
2020-05-28,83.8499984741211,85.4800033569336,82.33000183105469,82.77999877929688,82.77999877929688,3425100,3.3713263043000525,0.08974359290606457
2020-05-29,82.30999755859375,82.30999755859375,79.55000305175781,81.25,81.25,4787700,3.3612312631028387,0.08405441064114665
2020-06-01,82.5,84.69999694824219,81.62999725341797,84.52999877929688,84.52999877929688,2366600,3.3675716691842204,0.07850341031544915
2020-06-02,85.04000091552734,86.31999969482422,84.5,86.2699966430664,86.2699966430664,2316800,3.2570308138727917,0.08079179924373339
2020-06-03,87.94999694824219,90.0199966430664,87.01000213623047,89.0999984741211,89.0999984741211,2334300,3.2922428985961636,0.07753610534942186
2020-06-04,88.08000183105469,89.27999877929688,87.33999633789062,88.81999969482422,88.81999969482422,1747400,3.1956542945111694,0.07889699811624847
2020-06-05,91.80999755859375,92.91000366210938,90.98999786376953,91.04000091552734,91.04000091552734,2753400,3.2595364139950256,0.0778245067853633
2020-06-08,91.87000274658203,92.45999908447266,90.43000030517578,91.6500015258789,91.6500015258789,1977300,3.171712297230872,0.0785387646409912
2020-06-09,89.69999694824219,89.91000366210938,87.0,87.08000183105469,87.08000183105469,2764800,3.277304384991446,0.08047114486381855
2020-06-10,87.52999877929688,87.52999877929688,85.0999984741211,85.13999938964844,85.13999938964844,2806300,3.2167826650046125,0.0790461859440339
2020-06-11,82.62999725341797,82.66000366210938,78.58999633789062,78.87000274658203,78.87000274658203,1525400,3.454869835486984,0.09040625626820087
2020-06-12,81.69999694824219,83.04000091552734,77.66000366210938,78.58999633789062,78.58999633789062,3650100,3.5923789367677688,0.09377074519767115
2020-06-15,76.9800033569336,80.19000244140625,75.69999694824219,79.94000244140625,79.94000244140625,1925300,3.6564951193675044,0.09165256215496147
2020-06-16,82.8499984741211,83.94000244140625,80.48999786376953,82.19999694824219,82.19999694824219,2512200,3.681031182269826,0.0868585264940586
2020-06-17,82.52999877929688,82.52999877929688,80.69000244140625,81.41000366210938,81.41000366210938,1698100,3.549528693385597,0.09004738095049934
2020-06-18,80.62999725341797,82.0199966430664,80.05999755859375,81.33000183105469,81.33000183105469,1159500,3.43599086417753,0.09172527011175417
2020-06-19,82.76000213623047,82.81999969482422,80.06999969482422,80.69999694824219,80.69999694824219,2758400,3.3869915167362774,0.08867341849243261
2020-06-22,80.29000091552734,81.30999755859375,79.11000061035156,80.94999694824219,80.94999694824219,1327400,3.3022061904152706,0.08839569762304504
2020-06-23,82.02999877929688,82.61000061035156,81.33999633789062,81.66000366210938,81.66000366210938,2851100,3.1849060098219923,0.09046030354949028
2020-06-24,81.01000213623047,81.20999908447266,77.75,78.06999969482422,78.06999969482422,1664200,3.2366986992710913,0.08769833111374804
2020-06-25,77.38999938964844,79.05000305175781,76.58999633789062,78.9800033569336,78.9800033569336,1316300,3.1812207003136694,0.08539687881686761
2020-06-26,78.87999725341797,79.36000061035156,78.33000183105469,78.68000030517578,78.68000030517578,2140400,3.027561991669613,0.09027272380452396
2020-06-29,79.12999725341797,81.0999984741211,78.6500015258789,80.5999984741211,80.5999984741211,946700,2.9863073457105114,0.08677143252985095
2020-06-30,80.11000061035156,82.12999725341797,80.0,81.55000305175781,81.55000305175781,1921100,2.9251423391181866,0.08494240210574193
2020-07-01,81.83000183105469,81.94999694824219,79.66999816894531,80.05999755859375,80.05999755859375,1469600,2.8790606562738073,0.08216663644421603
2020-07-02,81.4000015258789,82.30000305175781,80.5999984741211,80.87999725341797,80.87999725341797,1164100,2.8334138589088256,0.079558076509985
2020-07-06,82.62000274658203,83.33999633789062,82.01000213623047,82.5,82.5,927100,2.806741375020528,0.07578053417986445
2020-07-07,81.66000366210938,82.12999725341797,80.76000213623047,80.83000183105469,80.83000183105469,1377400,2.730545409931171,0.07581020781625679
2020-07-08,81.33000183105469,81.5999984741211,79.33999633789062,80.08999633789062,80.08999633789062,1514700,2.696935176095406,0.07279592396050737
2020-07-09,80.0,80.16000366210938,78.16000366210938,79.05999755859375,79.05999755859375,1599200,2.6471540920885914,0.07115200682095789
2020-07-10,78.69999694824219,79.76000213623047,78.48999786376953,78.7699966430664,78.7699966430664,2293900,2.548786247829473,0.07309599520939791
2020-07-13,79.91999816894531,81.16999816894531,79.58999633789062,79.79000091552734,79.79000091552734,1760500,2.5381587676901467,0.06863395841867852
2020-07-14,79.0,81.55999755859375,78.36000061035156,81.47000122070312,81.47000122070312,1796600,2.585432923443864,0.06710825822832414
2020-07-15,83.2699966430664,85.61000061035156,83.12000274658203,85.48999786376953,85.48999786376953,2044000,2.6964733853156195,0.07024627277428352
2020-07-16,84.61000061035156,85.47000122070312,84.16000366210938,84.72000122070312,84.72000122070312,1632700,2.598867729340229,0.07220051443150546
2020-07-17,84.87999725341797,86.08999633789062,84.30000305175781,85.58000183105469,85.58000183105469,2065800,2.541090983396842,0.07117024525378272
2020-07-20,84.9800033569336,85.38999938964844,83.80000305175781,85.19999694824219,85.19999694824219,1316200,2.4867272545325583,0.06996977979738993
2020-07-21,87.6500015258789,88.02999877929688,85.9000015258789,86.13999938964844,86.13999938964844,1384100,2.5112468671412818,0.06672333928391375
2020-07-22,86.87000274658203,87.55000305175781,86.41999816894531,86.77999877929688,86.77999877929688,1032900,2.4325866382104313,0.06757597425869494
2020-07-23,86.4800033569336,88.33000183105469,86.22000122070312,88.30999755859375,88.30999755859375,1849100,2.409544779077655,0.06439496603541503
2020-07-24,87.72000122070312,87.94000244140625,86.76000213623047,87.2699966430664,87.2699966430664,2176000,2.3481483964552003,0.06418078150591787
2020-07-27,87.83999633789062,90.12999725341797,86.95999908447266,89.94000244140625,89.94000244140625,1496500,2.4068519516330653,0.06378955105391408
2020-07-28,88.94999694824219,89.3499984741211,86.87000274658203,86.91000366210938,86.91000366210938,2363800,2.4542196475752904,0.06261656140307915
2020-07-29,84.94999694824219,90.98999786376953,84.16000366210938,89.88999938964844,89.88999938964844,2335200,2.7667749728670663,0.08046933025227178
2020-07-30,89.51000213623047,89.91000366210938,87.91999816894531,89.19999694824219,89.19999694824219,2214200,2.711291438602566,0.07868463053885953
2020-07-31,88.76000213623047,89.16999816894531,87.45999908447266,89.06999969482422,89.06999969482422,1778900,2.641913326114492,0.0780198792495177
2020-08-03,89.41000366210938,90.1500015258789,88.94000244140625,89.79000091552734,89.79000091552734,1206600,2.539633737425789,0.07975271563803092
2020-08-04,89.69999694824219,91.06999969482422,89.38999938964844,91.06999969482422,91.06999969482422,1878300,2.4782313494079315,0.07844197795087568
2020-08-05,91.62999725341797,92.5199966430664,91.45999908447266,92.23999786376953,92.23999786376953,1377400,2.4047860350389496,0.07808507340931184
2020-08-06,91.45999908447266,92.16999816894531,91.37000274658203,91.70999908447266,91.70999908447266,1113500,2.2951581123352747,0.08033813407319491
2020-08-07,91.12000274658203,92.43000030517578,91.12000274658203,92.41999816894531,92.41999816894531,1032200,2.224789501353737,0.07962602528093367
2020-08-10,92.55000305175781,94.38999938964844,92.52999877929688,94.25,94.25,1168600,2.206590338450122,0.07523839225398234
2020-08-11,95.86000061035156,96.94999694824219,94.79000091552734,95.04000091552734,95.04000091552734,2124900,2.2418336677209836,0.07238160204090228
2020-08-12,95.1500015258789,95.76000213623047,94.62999725341797,95.44999694824219,95.44999694824219,1169100,2.162417325941806,0.0728840834507791
2020-08-13,94.91999816894531,96.41999816894531,94.56999969482422,96.29000091552734,96.29000091552734,503604,2.140101693668898,0.06927205122378831
