Date,Open,High,Low,Close,Adj Close,Volume,ATR,ATR_2
2018-12-31,132.69000244140625,133.9199981689453,129.2100067138672,133.30999755859375,128.44480895996094,67600,0.0,0.0
2019-01-02,132.6999969482422,133.63999938964844,128.60000610351562,130.1999969482422,125.44830322265625,183900,0.0,0.0
2019-01-03,130.19000244140625,132.69000244140625,127.04000091552734,132.6199951171875,127.77997589111328,62200,0.0,0.0
2019-01-04,133.60000610351562,134.55999755859375,129.39999389648438,133.89999389648438,129.01324462890625,34300,0.0,0.0
2019-01-07,133.24000549316406,134.77999877929688,132.77999877929688,133.7899932861328,129.77957153320312,62500,0.0,0.0
2019-01-08,134.5500030517578,135.89999389648438,133.83999633789062,135.67999267578125,131.61294555664062,51100,0.0,0.0
2019-01-09,136.4199981689453,137.1999969482422,136.1699981689453,136.63999938964844,132.54417419433594,43900,0.0,0.0
2019-01-10,136.64999389648438,138.6999969482422,136.1999969482422,137.86000061035156,133.72760009765625,37000,0.0,0.0
2019-01-11,137.8699951171875,138.25,135.5,138.1699981689453,134.02830505371094,22400,0.0,0.0
2019-01-14,137.9199981689453,138.35000610351562,135.57000732421875,137.07000732421875,132.96127319335938,55800,0.0,0.0
2019-01-15,137.17999267578125,139.19000244140625,136.57000732421875,139.13999938964844,134.96922302246094,45600,0.0,0.0
2019-01-16,139.6300048828125,140.60000610351562,138.75,139.89999389648438,135.70643615722656,59800,0.0,0.0
2019-01-17,139.58999633789062,140.64999389648438,139.19000244140625,139.44000244140625,135.26023864746094,35500,0.0,0.0
2019-01-18,139.8000030517578,143.6199951171875,139.50999450683594,142.9499969482422,138.66500854492188,46100,3.1664270673479353,0.22617336195342394
2019-01-22,142.5,143.0,139.4600067138672,141.3000030517578,137.0644989013672,39900,3.1931103686897124,0.21192407190973486
2019-01-23,141.57000732421875,144.11000061035156,141.08999633789062,141.85000610351562,137.59800720214844,55000,3.1807456475305145,0.1976698325704108
2019-01-24,141.99000549316406,143.5,141.11000061035156,142.11000061035156,137.85020446777344,40500,3.124263771967509,0.18758497849845326
2019-01-25,142.4499969482422,150.0,142.3800048828125,143.1199951171875,138.82992553710938,23500,3.4646734589447186,0.1985010291040787
2019-01-28,142.1999969482422,144.75999450683594,141.77999877929688,143.14999389648438,138.8590087890625,25600,3.4300536209871715,0.1867952297364693
2019-01-29,143.16000366210938,146.5500030517578,141.94000244140625,143.30999755859375,139.0142364501953,30800,3.514335548798914,0.17947285102756025
2019-01-30,143.00999450683594,145.64999389648438,143.00999450683594,145.27000427246094,140.9154815673828,32400,3.4518829660024513,0.17111426043962472
2019-01-31,145.3800048828125,147.77999877929688,144.97999572753906,146.3800048828125,141.99221801757812,48700,3.405320114984977,0.16221773119518537
2019-02-01,146.47000122070312,152.00999450683594,146.47000122070312,152.00999450683594,147.4534454345703,129700,3.564225079916296,0.1619811050334806
2019-02-04,152.0,154.0,151.5,152.32000732421875,147.754150390625,78100,3.4882090027794175,0.15584074589800898
2019-02-05,152.8699951171875,154.6999969482422,152.00999450683594,152.9600067138672,148.37496948242188,33600,3.4311942483956197,0.14878174650413675
2019-02-06,153.1300048828125,154.49000549316406,152.2899932861328,153.47999572753906,148.87936401367188,29600,3.3432526740124504,0.14443601992406765
2019-02-07,153.22000122070312,156.5800018310547,152.6699981689453,156.14999389648438,151.46934509277344,49600,3.3837348874479454,0.13701074803202676
2019-02-08,156.16000366210938,159.77999877929688,156.16000366210938,158.72999572753906,153.97203063964844,39500,3.4013256014025566,0.12848074559792563
2019-02-11,159.02999877929688,159.92999267578125,157.5500030517578,158.25,153.5063934326172,42200,3.3283730315897624,0.1245144473275591
2019-02-12,158.07000732421875,160.19000244140625,158.07000732421875,159.9499969482422,155.1554412841797,50800,3.242060323418172,0.12178575167356133
2019-02-13,160.10000610351562,163.25999450683594,160.10000610351562,162.6199951171875,157.7454071044922,39600,3.2469129830735706,0.11343338795797826
2019-02-14,162.00999450683594,163.9199981689453,161.47000122070312,162.27000427246094,157.40591430664062,36400,3.1899904091570432,0.10939690124073177
2019-02-15,162.88999938964844,166.25999450683594,161.97999572753906,165.2899932861328,160.33535766601562,61100,3.267848149881317,0.10714410406098476
2019-02-19,165.24000549316406,167.9499969482422,165.22999572753906,167.13999938964844,162.1299285888672,47500,3.228716226368589,0.1022860911646807
2019-02-20,167.14999389648438,169.05999755859375,166.25,167.7100067138672,162.68284606933594,58300,3.1988077500989576,0.09711626152932004
2019-02-21,167.38999938964844,168.9499969482422,165.44000244140625,167.6300048828125,162.60523986816406,83700,3.2210353755801706,0.09176707324016954
2019-02-22,171.3699951171875,177.4199981689453,167.8000030517578,177.02000427246094,171.71376037597656,63700,3.6902466549053594,0.11872737367481377
2019-02-25,178.9199981689453,181.72999572753906,177.80999755859375,180.14999389648438,174.7499237060547,57800,3.7630855692034144,0.11544962657647385
2019-02-26,180.07000732421875,186.3000030517578,178.24000549316406,184.77999877929688,179.24114990234375,67100,4.070007854159867,0.1291262450321866
2019-02-27,184.6999969482422,184.85000610351562,182.10000610351562,182.42999267578125,176.9615936279297,53600,3.9757215788627334,0.12663767576539706
2019-02-28,182.5,182.5,174.92999267578125,178.22000122070312,172.87779235839844,102600,4.232456274959591,0.1359303200747871
2019-03-01,179.60000610351562,183.8699951171875,176.35000610351562,183.14999389648438,177.66000366210938,94500,4.467280042010469,0.14299413771593641
2019-03-04,183.9199981689453,184.97000122070312,180.8000030517578,184.97000122070312,179.4254608154297,54200,4.446045622505815,0.13429701498655908
2019-03-05,185.0,187.0,180.82000732421875,185.92999267578125,180.35667419433594,74700,4.569898983454061,0.13355103969810814
2019-03-06,185.52999877929688,188.02000427246094,182.33999633789062,184.47999572753906,178.95013427734375,87300,4.649192479962364,0.1296755008988364
2019-03-07,184.7100067138672,185.5,180.4600067138672,180.94000244140625,175.51626586914062,80400,4.677106823260254,0.12240684678448306
2019-03-08,179.33999633789062,180.6699981689453,176.92999267578125,179.00999450683594,173.64410400390625,82200,4.629457033429164,0.11706705700209785
2019-03-11,179.75999450683594,180.64999389648438,177.49000549316406,179.8800048828125,174.488037109375,121300,4.524494988421389,0.11620241328821763
2019-03-12,180.47999572753906,181.0800018310547,174.6199951171875,175.22000122070312,169.96774291992188,123400,4.662745825953231,0.11777730073419082
2019-03-13,176.17999267578125,176.9499969482422,173.3800048828125,176.44000244140625,171.15113830566406,170000,4.584691985915835,0.1149399106844198
2019-03-14,176.67999267578125,176.80999755859375,174.02999877929688,175.9499969482422,170.6758270263672,130200,4.455785328300195,0.11593753546522124
2019-03-15,176.0399932861328,177.57000732421875,173.0800018310547,173.25,168.0567626953125,579500,4.458229625790471,0.10783087560986805
2019-03-18,173.61000061035156,174.25999450683594,171.63999938964844,174.25,169.02679443359375,129400,4.326927160890259,0.10950741770203551
2019-03-19,174.47999572753906,174.47999572753906,170.52999877929688,171.92999267578125,166.7763214111328,145100,4.300003574272539,0.10360857262458438
2019-03-20,171.9199981689453,174.47000122070312,170.8000030517578,171.88999938964844,166.73753356933594,96300,4.255003188177737,0.0994222735867428
2019-03-21,172.02000427246094,175.97999572753906,171.88999938964844,175.77000427246094,170.501220703125,88800,4.243216984585801,0.09316255430139946
2019-03-22,174.99000549316406,177.4600067138672,174.22000122070312,176.05999755859375,170.7825469970703,105200,4.171559020912819,0.09162651211365531
2019-03-25,176.64999389648438,177.3000030517578,173.60000610351562,174.0800018310547,168.8618927001953,85600,4.1378760157220595,0.08748769019059134
2019-03-26,176.19000244140625,177.3000030517578,174.9499969482422,176.52999877929688,171.2384490966797,86100,4.072313530363564,0.08592160413115592
2019-03-27,176.69000244140625,177.8800048828125,174.9600067138672,176.47999572753906,171.18994140625,69100,3.9900052902622605,0.08566350670045218
2019-03-28,177.02999877929688,178.02000427246094,174.0,176.35000610351562,171.0638427734375,58200,3.9921480747050233,0.07969774082490295
2019-03-29,177.22999572753906,178.8300018310547,176.05999755859375,178.52000427246094,173.16879272460938,105800,3.9048520888304457,0.08024047261416543
2019-04-01,179.0,179.89999389648438,175.07000732421875,179.64999389648438,174.2649383544922,120700,3.97093312336153,0.07922908417965964
2019-04-02,179.6300048828125,179.6300048828125,176.08999633789062,177.39999389648438,172.0823516845703,102100,3.9415805830209742,0.07566647390543793
2019-04-03,177.85000610351562,177.85000610351562,176.1300048828125,176.5399932861328,171.24815368652344,117000,3.7828963428554134,0.08159631435258956
2019-04-04,176.0399932861328,176.47999572753906,174.67999267578125,175.49000549316406,170.22962951660156,109800,3.645546647676567,0.08557869869732218
2019-04-05,175.14999389648438,175.44000244140625,174.5399932861328,174.7899932861328,170.4246063232422,107600,3.4530084733447586,0.09321866124264264
2019-04-08,174.36000061035156,174.5500030517578,169.8300018310547,173.2899932861328,168.9620819091797,105400,3.560650114897142,0.09424887412190983
2019-04-09,173.10000610351562,174.41000366210938,171.88999938964844,172.8800048828125,168.56231689453125,81300,3.4863182690088417,0.09282622924808057
2019-04-10,173.27000427246094,174.69000244140625,173.27000427246094,174.05999755859375,169.71286010742188,81400,3.366581075407764,0.09474844098758035
2019-04-11,174.08999633789062,176.41000366210938,173.88999938964844,175.82000732421875,171.4289093017578,142600,3.3061113037687053,0.0922999646055431
2019-04-12,176.25999450683594,178.0399932861328,175.92999267578125,177.61000061035156,173.1741943359375,71000,3.2285309222076597,0.09124856581665042
2019-04-15,177.85000610351562,179.25999450683594,176.6199951171875,177.17999267578125,172.75491333007812,65800,3.1864929555962864,0.08773352301627348
2019-04-16,177.85000610351562,180.8699951171875,177.6699981689453,180.39999389648438,175.89451599121094,106500,3.2224579188684266,0.08403576874883538
2019-04-17,180.8300018310547,180.9600067138672,177.4499969482422,179.08999633789062,174.61721801757812,89600,3.242997336493896,0.07950031509716639
2019-04-18,179.52999877929688,180.88999938964844,178.97999572753906,179.9499969482422,175.4557647705078,78400,3.1477835026092875,0.0806227092962694
2019-04-22,179.9600067138672,179.9600067138672,174.92999267578125,176.2899932861328,171.8871612548828,90900,3.2822285408576195,0.08446716136427387
2019-04-23,176.38999938964844,181.3800048828125,176.38999938964844,181.02000427246094,176.49903869628906,136000,3.4113559019877675,0.08765717563326489
2019-04-24,181.02999877929688,182.47999572753906,177.66000366210938,179.77999877929688,175.29000854492188,123700,3.5119727708050474,0.08858286800355167
2019-04-25,179.97000122070312,184.32000732421875,179.1300048828125,183.86000061035156,179.2681121826172,96900,3.6318320329908476,0.09081689615942656
2019-04-26,183.9600067138672,185.82000732421875,183.07000732421875,184.35000610351562,179.74588012695312,99000,3.5688440306343585,0.0888291180306453
2019-04-29,184.57000732421875,188.97000122070312,184.32000732421875,187.02999877929688,182.35891723632812,106700,3.6460690210522166,0.08800025177258908
2019-04-30,187.0399932861328,189.72000122070312,186.0800018310547,189.32000732421875,184.5917510986328,70300,3.6456354759519463,0.0817454870102806
2019-05-01,189.6300048828125,189.6300048828125,186.57000732421875,187.64999389648438,182.96343994140625,68100,3.6038041961406466,0.0788944722103534
2019-05-02,187.82000732421875,190.9499969482422,186.55999755859375,187.9199981689453,183.22671508789062,177100,3.6599609956769177,0.07727035273363324
2019-05-03,186.5800018310547,209.3300018310547,186.3300018310547,197.4600067138672,192.52845764160156,163100,5.041392353128566,0.17042471021349145
2019-05-06,196.08999633789062,200.47999572753906,195.35000610351562,199.5500030517578,194.56625366210938,165200,5.047720729621056,0.15870354351913424
2019-05-07,198.5,199.4600067138672,196.42999267578125,196.6699981689453,191.7581787109375,82300,4.910027132932163,0.15720283303125984
2019-05-08,196.1699981689453,200.61000061035156,195.52999877929688,198.0800018310547,193.13296508789062,86600,4.922168182798059,0.14684127709087666
2019-05-09,197.0,197.44000244140625,194.75999450683594,196.75999450683594,191.84591674804688,121700,4.807728121470965,0.14452690453632072
2019-05-10,196.13999938964844,199.27999877929688,194.66000366210938,198.5,193.54248046875,92000,4.794318621165003,0.13516137566272368
2019-05-13,196.4199981689453,196.75,193.64999389648438,194.74000549316406,189.87637329101562,110700,4.798296298475762,0.12579111149472624
2019-05-14,195.47000122070312,198.88999938964844,195.02000427246094,196.3800048828125,191.47543334960938,166500,4.751988984047806,0.12011369741852838
2019-05-15,195.72000122070312,202.25,193.8699951171875,200.24000549316406,195.239013671875,227400,5.011132976816713,0.13004443280069827
2019-05-16,201.17999267578125,206.30999755859375,200.44000244140625,202.24000549316406,197.18907165527344,233900,5.086765768860497,0.12615788703234726
2019-05-17,201.22999572753906,205.89999389648438,199.00999450683594,204.0,198.90512084960938,194700,5.21556817034535,0.12634678092181192
2019-05-20,203.2100067138672,206.27999877929688,202.69000244140625,205.24000549316406,200.11415100097656,160300,5.099455896598584,0.12561574469502293
2019-05-21,205.52999877929688,206.4199981689453,203.1300048828125,205.1699981689453,200.04588317871094,229500,4.9702085672796,0.12587514359673443
2019-05-22,205.4600067138672,207.5399932861328,204.0,206.49000549316406,201.3329315185547,279000,4.868050332911972,0.12418107865179824
2019-05-23,205.05999755859375,208.0,204.02999877929688,205.72999572753906,200.5919189453125,292600,4.803903967754197,0.1198928848307966
2019-05-24,206.63999938964844,206.75999450683594,199.30999755859375,201.02000427246094,195.99954223632812,270600,4.992910609217625,0.12482958173312743
2019-05-28,200.0,204.72999572753906,200.0,202.36000061035156,197.30609130859375,2136900,4.974130974812013,0.11725458549544775
2019-05-29,200.33999633789062,204.69000244140625,199.11000061035156,204.63999938964844,199.5291290283203,280900,5.017407464543632,0.11197043579803144
2019-05-30,204.9600067138672,209.08999633789062,204.85000610351562,207.75,202.5614471435547,409400,4.976878141950672,0.10686749914052639
2019-05-31,206.89999389648438,213.02000427246094,204.41000366210938,212.6699981689453,207.35858154296875,407100,5.236386889693592,0.11777044546926882
2019-06-03,212.83999633789062,215.44000244140625,210.00999450683594,214.91000366210938,209.5426483154297,289100,5.2502169643276435,0.11034613326675329
2019-06-04,216.27000427246094,219.9499969482422,216.27000427246094,219.38999938964844,213.91075134277344,250800,5.235200987313727,0.10353683639155067
2019-06-05,220.75999450683594,227.6199951171875,220.75999450683594,227.32000732421875,221.6427001953125,233000,5.449114897329822,0.11142091307901814
2019-06-06,227.92999267578125,230.0,225.2100067138672,229.72999572753906,223.99249267578125,206100,5.402034782244321,0.10682514179376687
2019-06-07,230.14999389648438,234.10000610351562,227.55999755859375,233.32000732421875,227.49285888671875,150300,5.483318622435576,0.10500076310787311
2019-06-10,235.22000122070312,239.75999450683594,233.5500030517578,238.2899932861328,232.3386993408203,222500,5.551652091019976,0.1023816706419108
2019-06-11,239.0,242.60000610351562,237.27000427246094,240.08999633789062,234.09376525878906,215200,5.535819929593885,0.09619956284078086
2019-06-12,240.02999877929688,249.05999755859375,239.94000244140625,248.75999450683594,242.54721069335938,376900,5.791832442993429,0.10761477359497826
2019-06-13,248.8800048828125,249.24000549316406,241.55999755859375,244.6699981689453,238.55938720703125,219300,5.926702120963206,0.10956155247889247
2019-06-14,245.0,248.69000244140625,243.1300048828125,247.22999572753906,241.05545043945312,134000,5.900508937936816,0.1036066689465709
2019-06-17,247.30999755859375,248.55999755859375,245.83999633789062,246.19000244140625,240.04141235351562,129100,5.673329815277266,0.11243327278321225
2019-06-18,247.41000366210938,248.92999267578125,246.14999389648438,248.44000244140625,242.23521423339844,129600,5.466663312707238,0.11916421776798478
2019-06-19,248.3000030517578,253.32000732421875,248.1199951171875,252.77000427246094,246.45709228515625,182000,5.447616805158953,0.11201295275229196
2019-06-20,254.8800048828125,255.1699981689453,250.58999633789062,254.4600067138672,248.10487365722656,185300,5.385644307008648,0.10843863456643575
2019-06-21,254.0500030517578,256.5,252.11000061035156,252.7100067138672,246.39857482910156,243300,5.31452681291149,0.1057728388186302
2019-06-24,253.44000244140625,255.97999572753906,250.6999969482422,253.52999877929688,247.19810485839844,225400,5.31206052479616,0.09839379948268016
2019-06-25,255.0,257.4599914550781,252.3800048828125,256.6300048828125,250.22068786621094,181000,5.2954838139011216,0.09254972172642005
2019-06-26,256.0299987792969,257.75,249.6999969482422,250.0,243.75625610351562,183100,5.4922351880337414,0.09999269689829147
2019-06-27,249.77000427246094,250.66000366210938,241.83999633789062,249.88999938964844,243.64901733398438,171700,5.729933197761242,0.10982879067180641
2019-06-28,250.27999877929688,254.91000366210938,249.1300048828125,254.27999877929688,247.92938232421875,233100,5.733509310728073,0.10223931369287961
2019-07-01,257.0799865722656,264.1400146484375,252.66000366210938,256.2799987792969,249.87942504882812,152300,6.143973716128078,0.12425539167195995
2019-07-02,256.20001220703125,260.30999755859375,256.20001220703125,258.989990234375,252.521728515625,158300,5.998688832944822,0.12575749820848106
2019-07-03,261.70001220703125,267.7900085449219,260.8999938964844,263.760009765625,257.172607421875,137200,6.198783795630683,0.13106731709972247
2019-07-05,263.6600036621094,265.9200134277344,262.510009765625,265.0299987792969,258.410888671875,156100,5.999585214664875,0.1359338359473
2019-07-08,263.2900085449219,267.9800109863281,262.510009765625,265.32000732421875,259.57513427734375,132100,5.96175778652475,0.12892623538964465
2019-07-09,264.3599853515625,267.4200134277344,262.739990234375,265.260009765625,259.5164794921875,210300,5.870205315584365,0.12625668078612606
2019-07-10,265.7099914550781,266.07000732421875,264.239990234375,264.80999755859375,259.076171875,148600,5.5816204423171785,0.13785155167763039
2019-07-11,265.1600036621094,265.8699951171875,263.1600036621094,264.5299987792969,258.80224609375,98100,5.376504086085817,0.14265618057432544
2019-07-12,266.1600036621094,267.6499938964844,263.17999267578125,266.8599853515625,261.0817565917969,114000,5.311753881415625,0.13709146800974448
2019-07-15,267.4800109863281,268.80999755859375,262.70001220703125,265.2200012207031,259.4772644042969,155600,5.368770414997544,0.1313718298363284
2019-07-16,265.5199890136719,267.8299865722656,263.17999267578125,264.1300048828125,258.410888671875,106500,5.317429235103746,0.1256553548404334
2019-07-17,264.6199951171875,266.2200012207031,262.8299865722656,263.25,257.5499267578125,110400,5.1797567646275855,0.12651372024298532
2019-07-18,263.489990234375,266.79998779296875,261.7900085449219,266.3299865722656,260.5632629394531,124300,5.1676297991575355,0.11834323775920422
2019-07-19,266.9800109863281,268.25,263.260009765625,263.70001220703125,257.990234375,84200,5.154941258815926,0.11079647365794745
2019-07-22,263.67999267578125,266.30999755859375,262.1700134277344,264.25,258.5282897949219,126800,5.082444321104744,0.10806079251889276
2019-07-23,265.1099853515625,266.6300048828125,262.7200012207031,266.0,260.24041748046875,89100,4.998698559747932,0.10632400457874418
2019-07-24,265.54998779296875,267.0400085449219,263.25,266.7799987792969,261.0035095214844,128600,4.912363558688928,0.10489621861304842
2019-07-25,266.9700012207031,270.2300109863281,265.3599853515625,268.70001220703125,262.8819580078125,115900,4.909339421265835,0.09761964138519448
2019-07-26,265.1000061035156,265.1000061035156,224.3300018310547,235.44000244140625,230.3421173095703,582600,7.727958775173745,0.2919767637082456
2019-07-29,234.13999938964844,235.36000061035156,228.74000549316406,232.27000427246094,227.24073791503906,231500,7.654532930392919,0.2763659837848585
2019-07-30,230.08999633789062,231.88999938964844,224.3800048828125,225.1300048828125,220.25534057617188,224100,7.6713519631968845,0.2578269158576519
2019-07-31,225.33999633789062,227.16000366210938,221.11000061035156,222.77000427246094,217.9464569091797,164300,7.555541326665522,0.24768289590577405
2019-08-01,222.1300048828125,224.33999633789062,220.66000366210938,221.0800018310547,216.2930450439453,132900,7.2787164230309305,0.24976446788640388
2019-08-02,220.0399932861328,225.25,219.10000610351562,223.35000610351562,218.51388549804688,128200,7.198093385420463,0.23768293715240846
2019-08-05,220.6699981689453,222.83999633789062,211.89999389648438,213.0,208.38800048828125,190500,7.501801872678376,0.24239904787423022
2019-08-06,212.77000427246094,221.10000610351562,212.77000427246094,219.24000549316406,214.49288940429688,135200,7.560959012562399,0.22931034016064397
2019-08-07,217.1999969482422,220.92999267578125,214.05999755859375,219.30999755859375,214.56137084960938,137900,7.5116044486070495,0.21645635614598005
2019-08-08,219.1699981689453,225.8000030517578,215.89999389648438,224.1199951171875,219.2672119140625,144500,7.682204784797506,0.2131809261491569
2019-08-09,223.5,227.5399932861328,220.72999572753906,222.36000061035156,217.5453338623047,83100,7.619904268640094,0.2024037540068894
2019-08-12,221.44000244140625,222.14999389648438,216.27999877929688,217.14999389648438,212.44813537597656,107300,7.509911237383994,0.19580298809611874
2019-08-13,216.49000549316406,225.55999755859375,215.5800018310547,222.8699951171875,218.04428100585938,115400,7.686345843823642,0.1944195322635137
2019-08-14,220.3000030517578,224.47999572753906,213.2899932861328,214.5,209.8555145263672,147000,7.936607029365257,0.19840822178337805
2019-08-15,215.75999450683594,218.88999938964844,206.1199951171875,218.6300048828125,213.89610290527344,225100,8.281849689586377,0.20889639595750245
2019-08-16,219.83999633789062,223.3000030517578,219.83999633789062,221.5500030517578,216.75286865234375,103600,8.023860295254872,0.2124030386985026
2019-08-19,223.8800048828125,225.36000061035156,222.52999877929688,223.42999267578125,218.59213256835938,89300,7.722870099779078,0.21873069275402343
2019-08-20,222.75,223.5500030517578,218.8800048828125,219.63999938964844,214.88421630859375,138400,7.504807819005237,0.2186829490411532
2019-08-21,220.9600067138672,222.75,219.8000030517578,221.69000244140625,216.88983154296875,99100,7.190893018387118,0.22548522415379368
2019-08-22,221.17999267578125,227.0,218.36000061035156,225.17999267578125,220.30426025390625,128700,7.294400616334355,0.21677253656761106
2019-08-23,223.9600067138672,226.35000610351562,214.0500030517578,214.83999633789062,210.1881561279297,97800,7.65194364743603,0.2268275718914728
2019-08-26,215.5399932861328,216.72999572753906,211.5500030517578,213.50999450683594,208.88694763183594,178000,7.47537572088926,0.22323759722399403
2019-08-27,214.41000366210938,214.85000610351562,208.9499969482422,212.69000244140625,208.08470153808594,284700,7.362849537630987,0.2153296390835854
2019-08-28,211.82000732421875,211.82000732421875,207.30999755859375,210.42999267578125,205.87364196777344,169900,7.221217776572523,0.21006550493893386
2019-08-29,211.9199981689453,217.4499969482422,211.47999572753906,216.49000549316406,211.80242919921875,117200,7.206845383421696,0.19608742552549768
2019-08-30,217.41000366210938,219.88999938964844,213.97000122070312,219.30999755859375,214.56137084960938,107600,7.1149277252448115,0.18864672785773956
2019-09-03,217.67999267578125,219.49000549316406,210.22000122070312,214.47999572753906,209.83595275878906,170500,7.268861764331677,0.18616725008839144
2019-09-04,218.0800018310547,218.39999389648438,214.02999877929688,218.1199951171875,213.3971405029297,98500,7.061799860964236,0.18765972532260933
2019-09-05,220.0,222.36000061035156,213.67999267578125,214.05999755859375,209.42503356933594,100600,7.177386151936099,0.18251162286898456
2019-09-06,214.67999267578125,219.35000610351562,213.85000610351562,216.1300048828125,211.45021057128906,105800,7.0575728553692345,0.17803317099026167
2019-09-09,216.67999267578125,216.67999267578125,210.64999389648438,215.0800018310547,210.4229736328125,132900,6.984174707078352,0.1705592407974489
2019-09-10,213.92999267578125,213.92999267578125,200.52000427246094,203.42999267578125,199.02520751953125,178300,7.525304910758023,0.19702859528903624
2019-09-11,203.47000122070312,206.99000549316406,202.3800048828125,205.74000549316406,201.28518676757812,181800,7.317068889300418,0.19782912572964828
2019-09-12,206.22999572753906,207.1199951171875,204.24000549316406,206.22999572753906,201.76458740234375,127200,7.000134656066348,0.20633663340853556
2019-09-13,206.7899932861328,210.0,204.58999633789062,205.82000732421875,201.36346435546875,125500,6.8865538707837075,0.19971121568525735
2019-09-16,205.0,207.00999450683594,203.52000427246094,206.1999969482422,201.73524475097656,103100,6.643942182468799,0.20277553515880384
2019-09-17,205.77999877929688,210.72000122070312,205.77999877929688,210.22999572753906,205.67796325683594,141500,6.522232200964331,0.19698513846920843
2019-09-18,209.5,211.3000030517578,204.27000427246094,205.5500030517578,201.09930419921875,160900,6.558501242273799,0.18550541724351266
2019-09-19,204.9600067138672,205.5800018310547,198.4499969482422,198.83999633789062,194.53457641601562,223700,6.599322930883706,0.17517086519825512
2019-09-20,198.82000732421875,198.82000732421875,189.52000427246094,190.2100067138672,186.0914764404297,522300,6.793656440494133,0.17653962551341024
2019-09-23,189.0500030517578,191.55999755859375,188.10000610351562,190.1199951171875,186.00338745117188,319900,6.555537512964419,0.1809381470860034
2019-09-24,191.17999267578125,195.99000549316406,190.25,190.9499969482422,186.8154296875,320600,6.506571288893857,0.17151158115632897
2019-09-25,191.14999389648438,194.8800048828125,190.6999969482422,193.60000610351562,189.40806579589844,475600,6.340388192156461,0.17113097512640518
2019-09-26,193.77999877929688,193.77999877929688,188.27999877929688,189.5399932861328,185.4359588623047,145000,6.280360464145285,0.16319502890388884
2019-09-27,189.5500030517578,189.5500030517578,182.00999450683594,183.8699951171875,179.88873291015625,173100,6.370335327057899,0.1579650170473692
2019-09-30,185.11000061035156,186.4499969482422,180.41000366210938,185.64999389648438,181.63018798828125,258600,6.346739466991822,0.14836722012013406
2019-10-01,185.52000427246094,187.41000366210938,180.63999938964844,181.2100067138672,177.28634643554688,151500,6.376972667382473,0.13992907585374245
2019-10-02,180.1199951171875,180.33999633789062,175.08999633789062,177.44000244140625,173.5979766845703,163700,6.358618217996336,0.13124517396319918
2019-10-03,177.33999633789062,180.1300048828125,176.3699951171875,180.02999877929688,176.1318817138672,235000,6.173003328541241,0.1351287250697632
2019-10-04,179.36000061035156,182.2899932861328,177.86000061035156,181.60000610351562,178.560546875,150100,6.0485025676298125,0.13436958477273928
2019-10-07,181.22000122070312,181.75,179.14999389648438,179.14999389648438,176.1515350341797,170500,5.802181391621657,0.14236612700384044
2019-10-08,178.41000366210938,180.72999572753906,175.7100067138672,179.14999389648438,176.1515350341797,144000,5.746310507482386,0.13618789537065687
2019-10-09,179.8800048828125,183.27000427246094,179.8800048828125,181.00999450683594,177.98040771484375,145100,5.630146212374827,0.13475763820900705
2019-10-10,180.60000610351562,184.1300048828125,180.4499969482422,182.66000366210938,179.60279846191406,172800,5.4908506211030765,0.1350817777134887
2019-10-11,184.66000366210938,186.77999877929688,182.9499969482422,184.89999389648438,181.8052978515625,152600,5.3929323708233925,0.1324272400396455
2019-10-14,184.85000610351562,184.85000610351562,180.75999450683594,182.3800048828125,179.32748413085938,191800,5.303437157882324,0.12936066667546145
2019-10-15,183.32000732421875,183.58999633789062,179.05999755859375,179.32000732421875,176.31869506835938,130900,5.248191559411935,0.124066733232242
2019-10-16,179.14999389648438,182.39999389648438,177.1199951171875,181.57000732421875,178.5310516357422,127900,5.2504635036894305,0.11536710544976013
2019-10-17,184.07000732421875,188.97000122070312,183.13999938964844,186.4199981689453,183.29986572265625,179600,5.4040013888890694,0.11809358971760862
2019-10-18,185.97000122070312,188.4499969482422,184.08999633789062,187.25999450683594,184.12579345703125,154000,5.329429904707818,0.1149848678935831
2019-10-21,188.82000732421875,191.02000427246094,188.00999450683594,189.47000122070312,186.29881286621094,124200,5.217328466201903,0.11477890865160681
2019-10-22,190.0,190.39999389648438,184.8300018310547,186.3800048828125,183.2605438232422,111100,5.242518723289602,0.10837971925418481
2019-10-23,186.0,186.47000122070312,182.2899932861328,183.60000610351562,180.52706909179688,156900,5.166625095523939,0.10605928414786184
2019-10-24,184.22999572753906,186.52999877929688,179.07000732421875,182.42999267578125,179.37664794921875,145000,5.330436978349238,0.11018446976767879
2019-10-25,182.4600067138672,188.44000244140625,181.5,185.66000366210938,182.55258178710938,166800,5.445405939996168,0.11052621918762531
2019-10-28,187.02000427246094,189.82000732421875,183.49000549316406,184.25999450683594,181.17601013183594,105000,5.508591360786062,0.1071447335877874
2019-10-29,184.32000732421875,189.10000610351562,184.32000732421875,186.91000366210938,183.7816619873047,89100,5.460835663349893,0.10290265957695756
2019-10-30,187.41000366210938,190.0,184.82000732421875,189.3800048828125,186.2103271484375,90600,5.440775449952133,0.09698534199272915
2019-10-31,189.3800048828125,189.5,183.58999633789062,184.27000427246094,181.18585205078125,105600,5.474291750820507,0.09245183905527524
2019-11-01,185.0,186.75,182.35000610351562,183.11000061035156,180.04525756835938,83600,5.397556189796497,0.09132924776732769
2019-11-04,183.97999572753906,184.2899932861328,179.5,180.69000244140625,177.66575622558594,108500,5.354158839534805,0.08790554080263945
2019-11-05,180.88999938964844,183.6199951171875,179.0,181.8699951171875,178.82601928710938,99500,5.301718573652855,0.08537230687973306
2019-11-06,181.9499969482422,184.47000122070312,175.66000366210938,176.8300018310547,173.87039184570312,124300,5.552309929720062,0.0971736675359812
2019-11-07,177.4600067138672,179.05999755859375,175.77000427246094,176.22999572753906,173.28042602539062,138400,5.390715883749544,0.10177512313844812
2019-11-08,176.9499969482422,181.75999450683594,176.94000244140625,180.10000610351562,177.08563232421875,88100,5.400664662002924,0.09521609850380043
2019-11-11,179.66000366210938,182.14999389648438,178.50999450683594,180.77999877929688,177.75425720214844,55800,5.274902856834747,0.09739793469411306
2019-11-12,181.11000061035156,183.27999877929688,178.80999755859375,182.22999572753906,179.1799774169922,104600,5.217409882825345,0.09454758035949085
2019-11-13,181.7100067138672,183.75,179.50999450683594,182.35000610351562,179.29798889160156,84700,5.147595283563825,0.09278093885249296
2019-11-14,182.57000732421875,187.5,182.39999389648438,184.85000610351562,181.75616455078125,125400,5.14776661305815,0.08616596675548097
2019-11-15,185.1199951171875,186.2100067138672,176.22000122070312,177.0399932861328,174.0768585205078,101300,5.493640818780001,0.10471655525307885
2019-11-18,176.9499969482422,178.75,176.17999267578125,178.61000061035156,175.62057495117188,63700,5.284809854882768,0.11215329872766129
2019-11-19,178.36000061035156,179.75999450683594,176.49000549316406,177.2899932861328,174.32266235351562,76000,5.140894080510562,0.11442204698798593
2019-11-20,177.0500030517578,180.39999389648438,175.14999389648438,176.30999755859375,173.35906982421875,120200,5.148687360474093,0.10680570648623915
2019-11-21,176.13999938964844,176.35000610351562,170.08999633789062,171.02000427246094,168.15760803222656,131800,5.228067532270586,0.10484673972268585
2019-11-22,171.3800048828125,174.02999877929688,170.35000610351562,173.2100067138672,170.31097412109375,105200,5.1174907568070624,0.10525602798988855
2019-11-25,173.5399932861328,175.02000427246094,171.9499969482422,171.97999572753906,169.10154724121094,97200,4.971241940193612,0.10818408432014297
2019-11-26,171.33999633789062,175.50999450683594,171.33999633789062,173.05999755859375,170.16346740722656,481300,4.914010242247305,0.10454462815058323
2019-11-27,173.86000061035156,174.35000610351562,171.27999877929688,171.6300048828125,168.75741577148438,154500,4.782295748102408,0.1064853328644628
2019-11-29,171.86000061035156,172.02999877929688,168.7899932861328,169.3000030517578,166.46641540527344,74200,4.672132158463954,0.10674806549117642
2019-12-02,169.1999969482422,170.1699981689453,166.8000030517578,166.97999572753906,164.18524169921875,119500,4.5791223698013495,0.10576676000342132
2019-12-03,162.77999877929688,168.1999969482422,162.77999877929688,167.5500030517578,164.74569702148438,109900,4.639184926883061,0.10250217408044206
2019-12-04,166.72000122070312,170.7899932861328,166.47000122070312,168.19000244140625,165.37498474121094,103000,4.6163854367792485,0.09680912522496853
2019-12-05,168.5399932861328,169.92999267578125,167.41000366210938,167.58999633789062,164.78501892089844,117600,4.466642835128722,0.1005900878267941
2019-12-06,168.36000061035156,170.1999969482422,168.36000061035156,169.07000732421875,166.24026489257812,80000,4.334025533358925,0.10287774596558005
2019-12-09,168.69000244140625,169.77000427246094,167.52999877929688,168.6300048828125,165.8076171875,66700,4.184452673345006,0.1062131112547471
2019-12-10,168.5500030517578,170.1199951171875,166.97000122070312,167.25999450683594,164.46054077148438,59000,4.110562760712104,0.10390431135318674
2019-12-11,167.25999450683594,173.0399932861328,166.92999267578125,172.35000610351562,169.46536254882812,185100,4.253379749972065,0.10668378834652777
2019-12-12,172.1699981689453,172.1699981689453,168.1199951171875,168.72999572753906,165.90594482421875,84900,4.251710552568926,0.09918274613628571
2019-12-13,168.69000244140625,169.97000122070312,168.41000366210938,168.8000030517578,165.9747772216797,71700,4.059445338713556,0.10583149383050601
2019-12-16,170.4199981689453,173.7100067138672,165.89999389648438,172.14999389648438,169.26869201660156,100600,4.32734301576136,0.11740764977459874
2019-12-17,171.75,172.75999450683594,170.8000030517578,172.0800018310547,169.1998748779297,62700,4.1582464757125575,0.1210997133656133
2019-12-18,172.11000061035156,172.11000061035156,168.92999267578125,168.9600067138672,166.13209533691406,128600,4.088372294202397,0.11744074680450951
2019-12-19,169.22000122070312,171.02999877929688,168.0399932861328,168.7899932861328,165.96493530273438,94000,4.009917522699659,0.11465603428295441
2019-12-20,169.38999938964844,171.3300018310547,167.5800018310547,169.67999267578125,166.8400421142578,191400,3.9913519853639694,0.1077924273581498
2019-12-23,170.25,170.25,165.75,165.80999755859375,163.03480529785156,67100,4.0276839864094,0.10268811119295558
2019-12-24,166.05999755859375,168.0399932861328,166.05999755859375,167.61000061035156,164.8046875,27200,3.8992776822043758,0.10452512497953192
2019-12-26,167.27999877929688,168.6999969482422,166.4199981689453,167.19000244140625,164.3917236328125,47100,3.7836149034252684,0.10532067167950158
2019-12-27,167.32000732421875,167.32000732421875,165.61000061035156,166.44000244140625,163.65426635742188,65800,3.635500032742548,0.10837740017973149
2019-12-30,166.6300048828125,166.6300048828125,164.8699951171875,166.02999877929688,163.25112915039062,58000,3.5015364422341517,0.11020498520320755
2019-12-31,165.9199981689453,167.07000732421875,165.6999969482422,166.0,163.22164916992188,53100,3.3492845803586095,0.11320833353694573
2020-01-02,166.25,166.58999633789062,163.8000030517578,165.13999938964844,162.37603759765625,72500,3.309335202199624,0.10797555100994857
2020-01-03,163.1699981689453,167.6300048828125,163.1699981689453,166.9499969482422,164.15573120117188,55000,3.391526024461593,0.10613378467080717
2020-01-06,164.5399932861328,168.02000427246094,163.75999450683594,167.55999755859375,165.71336364746094,132800,3.4535605774018365,0.10298383954719548
2020-01-07,167.5500030517578,167.69000244140625,164.8699951171875,166.25,164.41781616210938,85600,3.408306773603045,0.09886026556516662
2020-01-08,165.80999755859375,167.27000427246094,164.5,165.05999755859375,163.2409210205078,146400,3.36271373780718,0.09505546343878792
2020-01-09,165.88999938964844,167.8000030517578,165.83999633789062,166.4199981689453,164.5859375,74200,3.318234577475529,0.0914428703597067
2020-01-10,167.1699981689453,167.5399932861328,164.14999389648438,164.5800018310547,162.76622009277344,65000,3.3233606354878797,0.08527738376346698
2020-01-13,165.0,166.4499969482422,164.69000244140625,165.5800018310547,163.75518798828125,87300,3.219548812752138,0.0866012722614866
2020-01-14,165.25,166.58999633789062,165.0399932861328,165.60000610351562,163.7749786376953,108100,3.1002955441096867,0.08893355771726981
2020-01-15,165.7100067138672,167.74000549316406,165.7100067138672,166.3000030517578,164.46726989746094,109800,3.0317029616481688,0.08748063091328753
2020-01-16,167.13999938964844,169.0500030517578,166.6300048828125,168.3300018310547,166.4748992919922,121800,3.0115813215304423,0.08266927442789031
2020-01-17,168.97999572753906,169.94000244140625,167.17999267578125,169.49000549316406,167.62210083007812,92900,2.9936119246800534,0.07804785460092592
2020-01-21,169.49000549316406,171.36000061035156,169.49000549316406,170.25,168.3737335205078,103300,2.9133535812877285,0.07820574665745442
2020-01-22,171.10000610351562,172.13999938964844,167.3800048828125,167.57000732421875,165.72328186035156,122600,3.045256504541172,0.08204125927145366
2020-01-23,167.72000122070312,167.72000122070312,164.22000122070312,166.92999267578125,165.09030151367188,76300,3.0777381827882313,0.07850128919828261
2020-01-24,167.1199951171875,167.6199951171875,166.50999450683594,167.32000732421875,165.4760284423828,57800,2.937185499042755,0.08293353166593931
2020-01-27,165.2100067138672,167.0399932861328,164.27000427246094,166.9499969482422,165.11009216308594,62800,2.9452438956652593,0.07758530773426539
2020-01-28,167.47999572753906,168.25,166.3000030517578,167.75,165.90127563476562,73800,2.8741548279921827,0.07712129058703762
2020-01-29,168.4199981689453,169.74000549316406,167.0,167.75999450683594,165.91116333007812,66200,2.864572732647317,0.07229706235545393
2020-01-30,166.97000122070312,168.91000366210938,165.4600067138672,168.80999755859375,166.94960021972656,74600,2.9063887480469504,0.07011984471575246
2020-01-31,168.64999389648438,171.8000030517578,165.83999633789062,166.5,164.66505432128906,125500,3.12450431703411,0.08069096787799583
2020-02-03,167.14999389648438,168.4199981689453,166.52999877929688,166.9600067138672,165.1199951171875,83100,3.038468163599196,0.08107276684634714
2020-02-04,168.24000549316406,168.77000427246094,164.8699951171875,164.8699951171875,163.05300903320312,111100,3.100006805861642,0.07967747223321134
2020-02-05,166.32000732421875,166.32000732421875,163.41000366210938,164.2899932861328,162.4794158935547,106900,3.08643515273648,0.0749556280112078
2020-02-06,164.69000244140625,165.60000610351562,163.75999450683594,164.72000122070312,162.90467834472656,82900,2.9974048987324236,0.07596095843926842
2020-02-07,164.27000427246094,165.66000366210938,163.30999755859375,163.38999938964844,161.58932495117188,57900,2.9511621276455093,0.07383823077124312
2020-02-10,162.74000549316406,164.3699951171875,160.92999267578125,161.00999450683594,159.23556518554688,74200,2.9860792929141335,0.0710581546639132
2020-02-11,161.60000610351562,163.66000366210938,161.60000610351562,162.8699951171875,161.07505798339844,58400,2.962074283082655,0.06769721574731073
2020-02-12,162.97000122070312,162.97000122070312,159.6999969482422,160.77000427246094,158.9982147216797,73900,2.984069282323961,0.06443277171116754
2020-02-13,160.57000732421875,163.57000732421875,160.33999633789062,162.10000610351562,160.31356811523438,62400,3.001636546895687,0.06108523548692172
2020-02-14,162.27000427246094,164.91000366210938,162.27000427246094,163.55999755859375,161.75746154785156,83700,2.9879480477312628,0.057699754321029036
2020-02-18,163.6999969482422,164.5800018310547,161.55999755859375,162.11000061035156,160.3234405517578,57900,2.9902377780690967,0.05374189546508653
2020-02-19,162.69000244140625,163.42999267578125,161.1199951171875,162.0399932861328,160.2541961669922,51100,2.941649190963715,0.053373802010821904
2020-02-20,162.11000061035156,162.64999389648438,159.6999969482422,160.5800018310547,158.810302734375,89000,2.9422454593407488,0.049603978179837034
2020-02-21,160.27000427246094,161.0399932861328,158.60000610351562,159.0,157.24771118164062,78500,2.9063698681462085,0.04862337910945869
2020-02-24,156.08999633789062,158.35000610351562,156.08999633789062,157.75,156.01148986816406,90200,2.906629424857863,0.045168820366758386
2020-02-25,157.9199981689453,158.41000366210938,154.61000061035156,156.92999267578125,155.2005157470703,126000,2.9704418267792874,0.04650050476352025
2020-02-26,157.6300048828125,160.66000366210938,156.99000549316406,159.14999389648438,157.3960418701172,130900,3.0246967667470614,0.04705439299239552
2020-02-27,157.52999877929688,159.39999389648438,154.75,154.75,153.04454040527344,151000,3.1407894188711554,0.05198569721608826
2020-02-28,151.30999755859375,151.30999755859375,137.4199981689453,142.9199981689453,141.3449249267578,319200,4.154304591169979,0.12066637400771225
2020-03-02,143.5399932861328,151.52999877929688,142.6999969482422,151.22000122070312,149.55345153808594,143900,4.488282965447459,0.13590294545555276
2020-03-03,151.5399932861328,154.74000549316406,150.10000610351562,152.27000427246094,150.59188842773438,132300,4.499119852890386,0.12696965559750809
2020-03-04,154.07000732421875,155.9199981689453,152.5,155.17999267578125,153.4698028564453,158000,4.438467998861386,0.1222326697711861
2020-03-05,153.2899932861328,154.0500030517578,149.27000427246094,151.10000610351562,149.43478393554688,124400,4.543576599179881,0.12100952195313673
2020-03-06,148.05999755859375,154.1699981689453,146.3000030517578,151.36000061035156,149.69190979003906,140700,4.78117792189471,0.1293375077218291
2020-03-09,144.25999450683594,151.86000061035156,144.25999450683594,149.99000549316406,148.33700561523438,118700,4.98252279201049,0.13448089074996844
2020-03-10,153.17999267578125,158.07000732421875,148.6300048828125,155.25,153.53903198242188,150900,5.300914195538759,0.14761735594841843
2020-03-11,153.16000366210938,155.74000549316406,143.83999633789062,145.64999389648438,144.04483032226562,97800,5.772278121234093,0.17074211093034095
2020-03-12,138.6199951171875,141.8000030517578,133.4499969482422,135.27000427246094,133.77923583984375,162200,6.231400894591814,0.19134072967515378
2020-03-13,140.25999450683594,154.75999450683594,133.94000244140625,154.75,153.04454040527344,181300,7.273443121080233,0.25210512230467275
2020-03-16,130.1999969482422,151.13999938964844,130.1999969482422,146.1199951171875,144.5096435546875,152200,8.50748311612863,0.3222433275006531
2020-03-17,149.11000061035156,176.14999389648438,144.02000427246094,172.4499969482422,170.5494842529297,150600,10.194805009549688,0.4197489393521105
2020-03-18,168.89999389648438,200.0,163.0,170.67999267578125,168.79898071289062,339800,12.109461794581852,0.5265280711864001
2020-03-19,166.00999450683594,178.02999877929688,153.6300048828125,161.25999450683594,159.48280334472656,123400,12.987356944717746,0.5516257196827925
2020-03-20,159.0,183.27000427246094,159.0,177.41000366210938,175.45481872558594,235000,13.793260325270833,0.5697884097449564
2020-03-23,180.0,182.02999877929688,152.00999450683594,155.02000427246094,153.3115692138672,211300,14.95231346435584,0.61187874755496
2020-03-24,162.5500030517578,164.9499969482422,151.1999969482422,152.9499969482422,151.26437377929688,215800,14.866433931187563,0.5743073750987683
2020-03-25,153.41000366210938,154.88999938964844,137.10000610351562,144.1199951171875,142.5316925048828,673600,15.075259599397938,0.5482015388924545
2020-03-26,144.36000061035156,165.6300048828125,138.86000061035156,165.2100067138672,163.3892822265625,156100,15.910598504616726,0.5687113507729068
2020-03-27,161.16000366210938,174.02999877929688,152.52000427246094,162.97999572753906,161.18385314941406,127900,16.310555361918098,0.5566574583820829
2020-03-30,164.8000030517578,176.25,156.99000549316406,174.33999633789062,172.4186553955078,105500,16.521229586555087,0.5319443702574334
2020-03-31,173.0,173.0,148.22000122070312,148.24000549316406,146.60630798339844,208900,17.206855695885974,0.5429216373341086
2020-04-01,146.0,153.47999572753906,143.6699981689453,152.9499969482422,151.26437377929688,113600,16.678508686079386,0.5418805925107143
2020-04-02,150.5800018310547,163.35000610351562,147.85000610351562,161.4199981689453,159.6410369873047,90800,16.594329494216574,0.5091876353215785
2020-04-03,159.6999969482422,167.49000549316406,151.72000122070312,164.13999938964844,163.30734252929688,125600,16.535449121234027,0.4770228308687905
2020-04-06,166.82000732421875,170.66000366210938,163.8000030517578,170.3800048828125,169.5157012939453,111800,15.844345656170995,0.4923143047398077
2020-04-07,173.0,173.0,164.00999450683594,166.6300048828125,165.7847137451172,94000,15.354749930241928,0.49212012053904053
2020-04-08,168.39999389648438,169.8300018310547,162.74000549316406,168.72999572753906,167.87405395507812,67100,14.76441038793112,0.4991357935227382
2020-04-09,170.2899932861328,173.77999877929688,162.75999450683594,166.08999633789062,165.24745178222656,76800,14.496952808254678,0.4825873496765742
2020-04-13,164.75,168.47000122070312,161.52999877929688,168.05999755859375,167.20745849609375,54200,13.957170639194075,0.4866726939182905
2020-04-14,169.55999755859375,173.25,165.50999450683594,166.8800048828125,166.033447265625,79900,13.513087414477647,0.4836305889753003
2020-04-15,165.2100067138672,169.94000244140625,160.52999877929688,162.4600067138672,161.63587951660156,102300,13.220010003594199,0.4700196476830252
2020-04-16,162.8300018310547,168.13999938964844,157.2100067138672,167.77999877929688,166.9288787841797,103000,13.056437337321844,0.448130577582263
2020-04-17,172.9499969482422,178.07000732421875,170.88999938964844,176.83999633789062,175.9429168701172,164000,12.858835280721847,0.43023568322638683
2020-04-20,176.6300048828125,179.92999267578125,174.36000061035156,179.24000549316406,178.33074951171875,106700,12.338203622486692,0.43669253858415596
2020-04-21,179.99000549316406,184.2100067138672,177.0,177.41000366210938,176.51002502441406,241800,11.971903843299584,0.4316644843415096
2020-04-22,182.1999969482422,187.77999877929688,172.1300048828125,177.02999877929688,176.1319580078125,554200,12.234624561384212,0.4195970724660181
2020-04-23,175.1699981689453,178.6300048828125,169.97999572753906,171.64999389648438,170.77923583984375,137500,11.978580603804872,0.4079147071169697
2020-04-24,172.0800018310547,174.77999877929688,168.58999633789062,173.32000732421875,172.44078063964844,86700,11.565110735062111,0.40831150437595476
2020-04-27,174.6300048828125,181.16000366210938,174.6300048828125,180.13999938964844,179.22618103027344,88200,11.299031135264148,0.398152082620384
2020-04-28,182.13999938964844,185.67999267578125,180.1199951171875,181.52000427246094,180.59918212890625,125800,10.889100165501976,0.3989934317019403
2020-04-29,182.8800048828125,186.82000732421875,182.16000366210938,184.02999877929688,183.09645080566406,90800,10.489878943091679,0.39900970246682294
2020-04-30,184.75,184.75,177.38999938964844,178.05999755859375,177.15672302246094,103900,10.266316205038814,0.3864777764372545
2020-05-01,175.86000061035156,178.77000427246094,172.32000732421875,172.44000244140625,171.56524658203125,39900,9.993721972410484,0.37834323759375993
2020-05-04,171.4499969482422,177.05999755859375,171.4499969482422,176.61000061035156,175.71408081054688,62900,9.680599017977702,0.37368464593940437
2020-05-05,179.47000122070312,183.30999755859375,178.25999450683594,180.25999450683594,179.34556579589844,86500,9.467698870139449,0.3622000389321793
2020-05-06,181.11000061035156,184.32000732421875,175.5500030517578,182.42999267578125,181.5045623779297,78000,9.41786354173384,0.3398882738945671
2020-05-07,184.30999755859375,187.42999267578125,182.91000366210938,184.66000366210938,183.72325134277344,112000,9.102301860181424,0.3381506601558421
2020-05-08,184.0,184.42999267578125,167.57000732421875,168.72999572753906,167.87405395507812,150500,9.672851465732082,0.3547505848269004
2020-05-11,168.27999877929688,174.22999572753906,168.00999450683594,172.5,171.62493896484375,111900,9.42621930537287,0.3470278402220655
2020-05-12,173.6199951171875,174.67999267578125,169.77999877929688,170.66000366210938,169.79428100585938,60900,9.102917490452263,0.3453331241291041
2020-05-13,170.3000030517578,170.3000030517578,157.83999633789062,159.5399932861328,158.7306671142578,111600,9.36842390714987,0.3396312164554257
2020-05-14,158.52000427246094,163.22999572753906,154.6300048828125,162.35000610351562,161.52642822265625,80300,9.31353583126249,0.3192924207005653
2020-05-15,160.0800018310547,165.4600067138672,158.0,164.47999572753906,163.64561462402344,207700,9.181140894305683,0.30594260043315397
2020-05-18,169.6999969482422,171.32000732421875,166.58999633789062,169.72999572753906,168.86898803710938,92200,9.013917373046683,0.29603409477785725
2020-05-19,169.35000610351562,172.6199951171875,166.6300048828125,170.94000244140625,170.07284545898438,88900,8.797922577427277,0.29031700198082494
2020-05-20,171.4600067138672,173.97999572753906,167.4199981689453,172.4199981689453,171.5453338623047,79400,8.63807079036774,0.2809980580578758
2020-05-21,172.13999938964844,175.10000610351562,172.1300048828125,174.2899932861328,173.40585327148438,65200,8.23320867824884,0.28984549049080616
2020-05-22,173.83999633789062,173.83999633789062,170.02000427246094,172.19000244140625,171.31651306152344,63500,7.950121559350485,0.28936274966277387
2020-05-26,175.30999755859375,176.0800018310547,171.42999267578125,174.6999969482422,173.8137664794922,75200,7.714399244773554,0.28553129001378513
2020-05-27,177.3699951171875,177.3699951171875,170.00999450683594,171.0,170.13255310058594,96300,7.689085056600554,0.2669443541680147
2020-05-28,172.47000122070312,175.72999572753906,171.85000610351562,174.52999877929688,173.64463806152344,100000,7.477721533096163,0.26297429483489876
2020-05-29,174.30999755859375,180.4499969482422,172.16000366210938,180.24000549316406,179.32568359375,304500,7.535740944027352,0.24833466027034806
2020-06-01,180.89999389648438,182.52999877929688,174.41000366210938,175.36000061035156,174.47042846679688,66300,7.577473384967362,0.23357735888960968
2020-06-02,176.22000122070312,180.6300048828125,175.6699981689453,180.39999389648438,179.48484802246094,85600,7.412654162645475,0.22866606342048668
2020-06-03,180.99000549316406,184.60000610351562,178.67999267578125,183.13999938964844,182.21096801757812,67100,7.306036967294681,0.21994828712979428
2020-06-04,183.27999877929688,183.27999877929688,178.17999267578125,180.89999389648438,179.98231506347656,53300,7.148463334167606,0.21549295470102864
2020-06-05,182.4499969482422,186.52999877929688,180.3699951171875,185.33999633789062,184.39979553222656,75900,7.077859071877732,0.20514376238594614
2020-06-08,185.0,190.0,184.63999938964844,189.9499969482422,188.98641967773438,78900,6.955154896054434,0.1992552204886142
2020-06-09,188.83999633789062,188.83999633789062,182.94000244140625,186.4199981689453,185.4743194580078,80900,6.959072011110256,0.1853024986719862
2020-06-10,186.14999389648438,188.39999389648438,181.9199981689453,186.27000427246094,185.32508850097656,61000,6.924852276569456,0.17451087266261575
2020-06-11,183.33999633789062,184.75,176.64999389648438,177.3800048828125,176.4801788330078,62600,7.117363569384248,0.1757966169591998
2020-06-12,181.24000549316406,182.52999877929688,174.61000061035156,177.74000549316406,176.83836364746094,50900,7.174694612210039,0.16733479023538483
2020-06-15,174.44000244140625,180.25999450683594,173.32000732421875,178.97000122070312,178.06211853027344,58000,7.15792979581055,0.15657979210424938
2020-06-16,182.13999938964844,182.13999938964844,178.5500030517578,179.4600067138672,178.5496368408203,68800,6.9030774059591264,0.1635992633719047
2020-06-17,179.75999450683594,185.07000732421875,178.8300018310547,183.1699981689453,182.24081420898438,87000,6.855715126473764,0.15529662166572314
2020-06-18,182.19000244140625,184.6999969482422,180.39999389648438,180.5,179.5843505859375,50700,6.673164263994053,0.15724335315243657
2020-06-19,182.4600067138672,186.97999572753906,181.4600067138672,186.52999877929688,185.58377075195312,131600,6.659366511390125,0.1469972388275431
2020-06-22,186.94000244140625,189.0,182.1999969482422,183.6699981689453,182.73826599121094,52500,6.669411978559245,0.13721496942337003
2020-06-23,184.30999755859375,187.63999938964844,183.72000122070312,186.11000061035156,185.1658935546875,88200,6.476596924426666,0.14118640404545643
2020-06-24,186.35000610351562,186.35000610351562,182.00999450683594,183.41000366210938,182.47959899902344,73200,6.323983686730453,0.14200260644908186
2020-06-25,183.2899932861328,188.8699951171875,181.1999969482422,188.1699981689453,187.21543884277344,49600,6.420127578317229,0.1387269839589171
2020-06-26,187.3800048828125,188.8800048828125,184.89999389648438,186.05999755859375,185.11614990234375,140700,6.2458335360322925,0.14126748812506132
2020-06-29,187.6199951171875,190.5800018310547,187.52000427246094,188.5,187.5437774658203,34300,6.122560017205767,0.13998220460373736
2020-06-30,189.30999755859375,194.07000732421875,186.7899932861328,191.89999389648438,190.926513671875,85900,6.205235304411493,0.13588885336102233
2020-07-01,192.67999267578125,192.67999267578125,189.27000427246094,189.9199981689453,188.95657348632812,56000,6.005574811476409,0.14044397047345533
2020-07-02,191.38999938964844,192.8800048828125,189.80999755859375,190.22999572753906,189.26498413085938,49300,5.7958914195294335,0.14538964343584965
2020-07-06,191.97999572753906,191.97999572753906,189.89999389648438,190.6300048828125,190.6300048828125,36800,5.53047073463838,0.15396328925407854
2020-07-07,190.5500030517578,191.02000427246094,187.25,189.47999572753906,189.47999572753906,39800,5.404723130197134,0.15194788319601907
2020-07-08,190.44000244140625,192.6999969482422,189.42999267578125,191.88999938964844,191.88999938964844,40600,5.252243211787406,0.15198588571128394
2020-07-09,193.02000427246094,193.02000427246094,183.86000061035156,188.6300048828125,188.6300048828125,73700,5.531368958238976,0.16106730433559008
2020-07-10,189.42999267578125,194.69000244140625,189.42999267578125,193.8300018310547,193.8300018310547,57300,5.5691281439786025,0.15225958157873554
2020-07-13,194.32000732421875,195.47999572753906,191.72999572753906,192.0,192.0,41000,5.439190419408702,0.15066516322096155
2020-07-14,192.99000549316406,197.8000030517578,191.5800018310547,197.14999389648438,197.14999389648438,40700,5.494962619501161,0.14388709442606845
2020-07-15,198.4600067138672,201.7899932861328,196.83999633789062,200.57000732421875,200.57000732421875,50800,5.45603650012552,0.13638988192246648
2020-07-16,200.25,203.8800048828125,200.0800018310547,202.25,202.25,41300,5.337748396670683,0.1350968977462072
2020-07-17,202.75999450683594,206.8699951171875,201.3699951171875,203.75999450683594,203.75999450683594,57000,5.349337796908492,0.12627493363846448
2020-07-20,201.55999755859375,209.3300018310547,201.55999755859375,204.83999633789062,204.83999633789062,35700,5.522242545162238,0.12960563468241318
2020-07-21,207.80999755859375,207.80999755859375,204.6699981689453,206.07000732421875,206.07000732421875,28400,5.352082319768395,0.13250239116180104
2020-07-22,206.42999267578125,208.9499969482422,205.1199951171875,208.00999450683594,208.00999450683594,52200,5.2433622848602734,0.13080365142939537
2020-07-23,206.5800018310547,211.6199951171875,206.5800018310547,207.82000732421875,207.82000732421875,32100,5.228835927808312,0.1224981304024358
2020-07-24,209.4199981689453,209.4199981689453,204.0500030517578,206.25,206.25,29100,5.2389187270496835,0.11446846389093121
2020-07-27,206.5500030517578,210.92999267578125,203.94000244140625,210.4199981689453,210.4199981689453,37000,5.363995263287206,0.11522618334425917
2020-07-28,209.02999877929688,210.0,206.1999969482422,209.02000427246094,209.02000427246094,40000,5.282281403102629,0.11283244597571049
2020-07-29,209.5399932861328,211.69000244140625,208.07000732421875,210.0,210.0,52200,5.163546668394405,0.11325403802803288
2020-07-30,208.67999267578125,213.22999572753906,208.67999267578125,209.24000549316406,209.24000549316406,35200,5.119722124348934,0.10829478845784987
2020-07-31,213.4199981689453,213.4199981689453,205.77999877929688,210.1199951171875,210.1199951171875,54600,5.299741929013185,0.1134180039011642
2020-08-03,212.0500030517578,214.99000549316406,211.4499969482422,214.77999877929688,214.77999877929688,47700,5.269046818081997,0.10750922583188015
2020-08-04,212.8000030517578,216.0,212.3699951171875,213.5800018310547,213.5800018310547,46200,5.151972394134176,0.1081924542687331
2020-08-05,215.13999938964844,218.72000122070312,213.4199981689453,216.44000244140625,216.44000244140625,38000,5.162546012535864,0.10121968027822989
2020-08-06,217.19000244140625,218.97999572753906,215.67999267578125,217.0399932861328,217.0399932861328,31400,5.029507229623145,0.10349247332355051
2020-08-07,215.75999450683594,218.3699951171875,215.50999450683594,217.1999969482422,217.1999969482422,40900,4.874542471103746,0.10716906512325397
2020-08-10,218.16000366210938,218.22999572753906,215.22000122070312,216.82000732421875,216.82000732421875,31200,4.741360473656045,0.10902713171785731
2020-08-11,218.52000427246094,219.52999877929688,217.27999877929688,217.5399932861328,217.5399932861328,33000,4.596262686614765,0.11160360709810178
2020-08-12,218.9499969482422,219.9600067138672,216.10000610351562,216.10000610351562,216.10000610351562,26400,4.543672538310251,0.10738836004141694
2020-08-13,215.47000122070312,216.77999877929688,212.67999267578125,215.72000122070312,215.72000122070312,37700,4.511982078682064,0.10198136715475768
